Date Time	Rain (mm) #2228701	Water Content (m^3/m^3) #2245617	Solar Radiation (W/m^2) #2246794	Temperature (*C) #2250766-1	Dew Point (*C) #2250766-1	RH (%) #2250766-2
11/30/12 08:28:03.0	0	0.02793	220.6	28.419	21.67	66.8
11/30/12 11:28:03.0	0	0.02836	486.9	32.587	20.5	49
11/30/12 14:28:03.0	0	0.02963	994.4	35.128	20.42	42.3
11/30/12 17:28:03.0	0	0.03005	36.9	32.846	18.63	43
11/30/12 20:28:03.0	0	0.02921	0.6	26.769	19.96	66.2
11/30/12 23:28:03.0	0	0.02878	0.6	25.21	19.76	71.7
12/01/12 02:28:03.0	0	0.02836	0.6	24.388	19.91	76
12/01/12 05:28:03.0	0	0.02793	0.6	24.05	19.94	77.7
12/01/12 08:28:03.0	0	0.02751	400.6	28.766	22.08	67.1
12/01/12 11:28:03.0	0	0.02836	209.4	33.626	20.14	45.2
12/01/12 14:28:03.0	0	0.02963	983.1	37.124	17.69	32
12/01/12 17:28:03.0	0	0.03048	54.4	32.536	19.51	46.2
12/01/12 20:28:03.0	0	0.03005	0.6	26.818	20.27	67.3
12/01/12 23:28:03.0	0	0.02921	0.6	25.72	19.88	70.1
12/02/12 02:28:03.0	0	0.02878	0.6	25.065	20.43	75.4
12/02/12 05:28:03.0	0	0.02836	0.6	24.219	20.14	77.9
12/02/12 08:28:03.0	0	0.02793	186.9	27.702	21.69	69.7
12/02/12 11:28:03.0	0	0.02836	375.6	33.495	21.53	49.6
12/02/12 14:28:03.0	0	0.02963	890.6	37.151	21.88	41.4
12/02/12 17:28:03.0	0	0.03005	78.1	32.794	20.79	49.3
12/02/12 20:28:03.0	0	0.02963	0.6	27.038	20.48	67.3
12/02/12 23:28:03.0	0	0.02921	0.6	25.939	20.5	71.9
12/03/12 02:28:03.0	0	0.02836	0.6	25.283	20.6	75.2
12/03/12 05:28:03.0	0	0.02793	0.6	24.532	20.07	76.1
12/03/12 08:28:03.0	0	0.02793	615.6	28.742	21.81	66.1
12/03/12 11:28:03.0	0	0.02836	404.4	34.413	20.23	43.5
12/03/12 14:28:03.0	0	0.02963	940.6	36.661	18.21	33.9
12/03/12 17:28:03.0	0	0.03048	63.1	33.495	17.41	38.4
12/03/12 20:28:03.0	0	0.03005	0.6	27.53	19.07	59.9
12/03/12 23:28:03.0	0	0.02921	0.6	25.404	20.04	72.1
12/04/12 02:28:03.0	0	0.02836	0.6	24.436	19.83	75.4
12/04/12 05:28:03.0	0	0.02793	0.6	23.93	19.95	78.3
12/04/12 08:28:03.0	0	0.02751	198.1	29.215	21.5	63.1
12/04/12 11:28:03.0	0	0.02836	301.9	35.155	20.56	42.6
12/04/12 14:28:03.0	0	0.03005	701.9	36.308	18.55	35.3
12/04/12 17:28:03.0	0	0.0309	90.6	32.458	19.01	45
12/04/12 20:28:03.0	0	0.03005	0.6	27.382	18.79	59.4
12/04/12 23:28:03.0	0	0.02963	0.6	25.477	19.97	71.5
12/05/12 02:28:03.0	0	0.02878	0.6	24.774	19.92	74.3
12/05/12 05:28:03.0	0	0.02793	0.6	24.291	19.98	76.8
12/05/12 08:28:03.0	0	0.02793	321.9	29.54	21.93	63.6
12/05/12 11:28:03.0	0	0.02836	326.9	34.124	20.52	45
12/05/12 14:28:03.0	0	0.03005	238.1	34.492	18.04	37.8
12/05/12 17:28:03.0	0	0.03048	55.6	31.74	19.63	48.7
12/05/12 20:28:03.0	0	0.02963	0.6	26.818	19.76	65.2
12/05/12 23:28:03.0	0	0.02921	0.6	25.477	19.65	70.1
12/06/12 02:28:03.0	0	0.02836	0.6	24.629	19.38	72.5
12/06/12 05:28:03.0	0	0.02793	0.6	24.195	19.74	76.1
12/06/12 08:28:03.0	0	0.02751	480.6	29.19	21.21	62.1
12/06/12 11:28:03.0	0	0.02836	926.9	36.173	20.8	40.9
12/06/12 14:28:03.0	0	0.03005	240.6	34.81	18.2	37.5
12/06/12 17:28:03.0	0	0.03005	43.1	31.077	19.48	50.1
12/06/12 20:28:03.0	0	0.02963	0.6	27.038	18.52	59.6
12/06/12 23:28:03.0	0	0.02878	0.6	25.137	18.98	68.6
12/07/12 02:28:03.0	0	0.02836	0.6	24.291	19.45	74.3
12/07/12 05:28:03.0	0	0.02793	0.6	23.376	19.28	77.7
12/07/12 08:28:03.0	0	0.02751	485.6	29.464	21.57	62.5
12/07/12 11:28:03.0	0	0.02836	713.1	34.81	19.9	41.7
12/07/12 14:28:03.0	0	0.02963	276.9	35.877	19.77	39
12/07/12 17:28:03.0	0	0.03048	41.9	33.183	18.97	43.1
12/07/12 20:28:03.0	0	0.02963	0.6	27.431	19.94	63.6
12/07/12 23:28:03.0	0	0.02921	0.6	25.477	20.08	72
12/08/12 02:28:03.0	0	0.02836	0.6	24.605	20.01	75.5
12/08/12 05:28:03.0	0	0.02793	0.6	23.472	19.81	79.8
12/08/12 08:28:03.0	0	0.02751	525.6	28.965	22	66
12/08/12 11:28:03.0	0	0.02836	1096.9	34.308	21.04	46
12/08/12 14:28:03.0	0	0.02963	923.1	36.933	20.28	38
12/08/12 17:28:03.0	0	0.03048	49.4	32.898	19.83	46.2
12/08/12 20:28:03.0	0	0.03005	0.6	27.481	19.93	63.4
12/08/12 23:28:03.0	0	0.02921	0.6	25.817	20.59	72.8
12/09/12 02:28:03.0	0	0.02836	0.6	24.653	20.16	76
12/09/12 05:28:03.0	0	0.02793	0.6	24.315	20.01	76.8
12/09/12 08:28:03.0	0	0.02751	206.9	29.315	21.85	64.1
12/09/12 11:28:03.0	0	0.02836	1029.4	35.395	21.48	44.5
12/09/12 14:28:03.0	0	0.02963	995.6	36.796	20.87	39.7
12/09/12 17:28:03.0	0	0.03005	50.6	32.924	19.79	46
12/09/12 20:28:03.0	0	0.02963	0.6	26.916	20.46	67.7
12/09/12 23:28:03.0	0	0.02878	0.6	25.477	20.79	75.2
12/10/12 02:28:03.0	0	0.02836	0.6	24.726	20.93	79.3
12/10/12 05:28:03.0	0	0.02793	0.6	24.484	21.12	81.4
12/10/12 08:28:03.0	0	0.02793	170.6	27.308	21.82	71.9
12/10/12 11:28:03.0	0	0.02836	438.1	32.717	20.66	49.1
12/10/12 14:28:03.0	0	0.02921	165.6	34.466	19	40.2
12/10/12 17:28:03.0	0	0.02963	31.9	33.157	18.5	41.9
12/10/12 20:28:03.0	0	0.02921	0.6	27.751	19.22	59.7
12/10/12 23:28:03.0	0	0.02878	0.6	25.355	20.41	74
12/11/12 02:28:03.0	0	0.02793	0.6	24.363	20.45	78.7
12/11/12 05:28:03.0	0	0.02751	0.6	23.472	20.39	82.7
12/11/12 08:28:03.0	0	0.02709	489.4	29.14	22.46	67.2
12/11/12 11:28:03.0	0	0.02793	999.4	33.861	21.6	48.8
12/11/12 14:28:03.0	0	0.02963	848.1	37.563	19.32	34.6
12/11/12 17:28:03.0	0	0.03048	41.9	33.704	19.18	42.4
12/11/12 20:28:03.0	0	0.02963	0.6	27.974	20.32	63.1
12/11/12 23:28:03.0	0	0.02921	0.6	25.283	20.99	77
12/12/12 02:28:03.0	0	0.02836	0.6	24.315	20.87	81
12/12/12 05:28:03.0	0	0.02793	0.6	24.002	20.55	80.9
12/12/12 08:28:03.0	0	0.02751	165.6	28.419	21.67	66.8
12/12/12 11:28:03.0	0	0.02793	1066.9	35.368	21.27	44
12/12/12 14:28:03.0	0	0.02963	873.1	37.673	19.04	33.8
12/12/12 17:28:03.0	0	0.03005	38.1	33.992	17.77	38.2
12/12/12 20:28:03.0	0	0.02963	0.6	27.875	20.13	62.7
12/12/12 23:28:03.0	0	0.02878	0.6	25.065	20.33	74.9
12/13/12 02:28:03.0	0	0.02836	0.6	24.026	20.27	79.4
12/13/12 05:28:03.0	0	0.02751	0.6	23.184	19.93	81.8
12/13/12 08:28:03.0	0	0.02709	479.4	29.389	22.17	65.1
12/13/12 11:28:03.0	0	0.02793	1036.9	35.582	22.48	46.8
12/13/12 14:28:03.0	0	0.02963	160.6	36.878	19.36	36
12/13/12 17:28:03.0	0	0.03048	29.4	33.339	19.56	44.3
12/13/12 20:28:03.0	0	0.03005	0.6	27.875	19.95	62
12/13/12 23:28:03.0	0	0.02921	0.6	25.744	20.23	71.5
12/14/12 02:28:03.0	0	0.02836	0.6	24.895	20.36	75.8
12/14/12 05:28:03.0	0	0.02793	0.6	23.761	20.03	79.5
12/14/12 08:28:03.0	0	0.02751	203.1	28.692	21.76	66.1
12/14/12 11:28:03.0	0	0.02793	954.4	35.368	21.05	43.4
12/14/12 14:28:03.0	0	0.02963	150.6	36.552	17.1	31.8
12/14/12 17:28:03.0	0	0.03048	38.1	34.097	18.35	39.4
12/14/12 20:28:03.0	0	0.03005	0.6	28.097	19.92	61.1
12/14/12 23:28:03.0	0	0.02921	0.6	25.914	20.16	70.5
12/15/12 02:28:03.0	0	0.02836	0.6	25.21	20.18	73.6
12/15/12 05:28:03.0	0	0.02793	0.6	24.677	20.23	76.2
12/15/12 08:28:03.0	0	0.02751	510.6	29.74	22.76	66.1
12/15/12 11:28:03.0	0	0.02836	989.4	35.529	21.93	45.4
12/15/12 14:28:03.0	0	0.02963	313.1	35.208	19.66	40.2
12/15/12 17:28:03.0	0	0.03048	43.1	34.202	19.63	42.4
12/15/12 20:28:03.0	0	0.02963	0.6	28.147	20.69	63.9
12/15/12 23:28:03.0	0	0.02921	0.6	25.987	20.21	70.4
12/16/12 02:28:03.0	0	0.02836	0.6	25.501	20.48	73.7
12/16/12 05:28:03.0	0	0.02793	0.6	24.557	19.99	75.6
12/16/12 08:28:03.0	0	0.02751	433.1	28.493	21.67	66.5
12/16/12 11:28:03.0	0	0.02793	951.9	34.466	21.43	46.7
12/16/12 14:28:03.0	0	0.02921	208.1	35.128	19.23	39.3
12/16/12 17:28:03.0	0	0.02963	60.6	34.124	18.82	40.5
12/16/12 20:28:03.0	0	0.02921	0.6	28.369	19.93	60.2
12/16/12 23:28:03.0	0	0.02878	0.6	25.817	20.25	71.3
12/17/12 02:28:03.0	0	0.02836	0.6	24.895	20.82	78
12/17/12 05:28:03.0	0	0.02751	0.6	23.905	20.45	80.9
12/17/12 08:28:03.0	0	0.02709	449.4	29.941	22.13	62.9
12/17/12 11:28:03.0	0	0.02793	993.1	35.797	21.66	44
12/17/12 14:28:03.0	0	0.02963	859.4	37.343	19.63	35.7
12/17/12 17:28:03.0	0	0.03005	60.6	33.626	19.74	44.1
12/17/12 20:28:03.0	0	0.02963	0.6	28.468	20.21	60.9
12/17/12 23:28:03.0	0	0.02878	0.6	25.963	20.97	73.9
12/18/12 02:28:03.0	0	0.02836	0.6	25.21	20.75	76.2
12/18/12 05:28:03.0	0	0.02793	0.6	24.074	20.15	78.6
12/18/12 08:28:03.0	0	0.02751	420.6	29.439	22.57	66.5
12/18/12 11:28:03.0	0	0.02793	758.1	36.254	22.11	44.1
12/18/12 14:28:03.0	0	0.02963	228.1	35.823	19.97	39.6
12/18/12 17:28:03.0	0	0.03005	153.1	32.227	22.24	55.6
12/18/12 20:28:03.0	0	0.02963	0.6	27.801	20.87	65.9
12/18/12 23:28:03.0	0	0.02878	0.6	26.061	21.44	75.6
12/19/12 02:28:03.0	0	0.02836	0.6	25.113	21.53	80.4
12/19/12 05:28:03.0	0	0.02751	0.6	24.629	21.58	83
12/19/12 08:28:03.0	0	0.02751	173.1	28.742	23.33	72.5
12/19/12 11:28:03.0	0	0.02836	354.4	33.235	22.01	51.8
12/19/12 14:28:03.0	0	0.02921	886.9	39.121	21.19	35.7
12/19/12 17:28:03.0	0	0.03005	43.1	33.704	20.6	46.3
12/19/12 20:28:03.0	0	0.02963	0.6	27.579	20.8	66.5
12/19/12 23:28:03.0	0	0.02878	0.6	25.817	21.27	75.9
12/20/12 02:28:03.0	0	0.02836	0.6	25.453	21.61	79.2
12/20/12 05:28:03.0	0	0.02793	0.6	24.726	21.01	79.7
12/20/12 08:28:03.0	0	0.02751	446.9	28.941	21.7	64.9
12/20/12 11:28:03.0	0	0.02793	1173.1	32.536	20.46	49
12/20/12 14:28:03.0	0	0.02963	709.4	36.389	19.02	36.2
12/20/12 17:28:03.0	0	0.03005	49.4	34.969	18.21	37.2
12/20/12 20:28:03.0	0	0.02963	0.6	27.751	19.25	59.8
12/20/12 23:28:03.0	0	0.02878	0.6	25.574	20.15	71.9
12/21/12 02:28:03.0	0	0.02836	0.6	25.089	19.87	72.7
12/21/12 05:28:03.0	0	0.02751	0.6	24.388	20.03	76.6
12/21/12 08:28:03.0	0	0.02751	438.1	28.941	21.44	63.9
12/21/12 11:28:03.0	0	0.02793	918.1	35.475	20.26	41.1
12/21/12 14:28:03.0	0	0.02963	168.1	36.254	17.85	33.9
12/21/12 17:28:03.0	0	0.03005	31.9	34.73	18.25	37.8
12/21/12 20:28:03.0	0	0.02963	0.6	28.493	19.03	56.5
12/21/12 23:28:03.0	0	0.02878	0.6	25.866	20.09	70.4
12/22/12 02:28:03.0	0	0.02836	0.6	24.992	20.17	74.5
12/22/12 05:28:03.0	0	0.02751	0.6	24.412	20.39	78.2
12/22/12 08:28:03.0	0	0.02751	206.9	28.27	21.92	68.4
12/22/12 11:28:03.0	0	0.02793	1066.9	35.395	21.7	45.1
12/22/12 14:28:03.0	0	0.02921	194.4	35.931	19.36	37.9
12/22/12 17:28:03.0	0	0.02963	46.9	34.202	19.55	42.2
12/22/12 20:28:03.0	0	0.02921	0.6	28.048	20.88	65
12/22/12 23:28:03.0	0	0.02878	0.6	25.939	20.88	73.6
12/23/12 02:28:03.0	0	0.02793	0.6	25.501	20.9	75.6
12/23/12 05:28:03.0	0	0.02751	0.6	24.146	20.89	81.9
12/23/12 08:28:03.0	0	0.02709	146.9	29.04	22.29	66.9
12/23/12 11:28:03.0	0	0.02751	639.4	36.012	21.59	43.3
12/23/12 14:28:03.0	0	0.02878	174.4	35.182	19.4	39.6
12/23/12 17:28:03.0	0	0.02963	35.6	34.44	18.94	40.1
12/23/12 20:28:03.0	0	0.02921	0.6	28.27	20.58	63
12/23/12 23:28:03.0	0	0.02836	0.6	26.256	20.9	72.3
12/24/12 02:28:03.0	0	0.02793	0.6	25.55	20.79	74.9
12/24/12 05:28:03.0	0	0.02751	0.6	25.089	20.5	75.6
12/24/12 08:28:03.0	0	0.02709	454.4	28.196	21.34	66.3
12/24/12 11:28:03.0	0	0.02751	831.9	32.742	19.31	45.1
12/24/12 14:28:03.0	0	0.02878	839.4	35.797	18.63	36.5
12/24/12 17:28:03.0	0	0.02963	81.9	34.783	16.89	34.6
12/24/12 20:28:03.0	0	0.02921	0.6	28.32	18.46	55.1
12/24/12 23:28:03.0	0	0.02878	0.6	25.89	19.84	69.2
12/25/12 02:28:03.0	0	0.02793	0.6	25.258	19.94	72.3
12/25/12 05:28:03.0	0	0.02751	0.6	24.46	19.91	75.7
12/25/12 08:28:03.0	0	0.02709	483.1	29.64	21.92	63.2
12/25/12 11:28:03.0	0	0.02793	916.9	35.235	19.61	40
12/25/12 14:28:03.0	0	0.02963	835.6	37.48	15.61	27.5
12/25/12 17:28:03.0	0	0.03005	39.4	34.545	17.18	35.7
12/25/12 20:28:03.0	0	0.02963	0.6	28.171	20.3	62.3
12/25/12 23:28:03.0	0	0.02878	0.6	25.72	20.7	73.7
12/26/12 02:28:03.0	0	0.02793	0.6	24.968	20.38	75.6
12/26/12 05:28:03.0	0	0.02751	0.6	24.484	20.73	79.5
12/26/12 08:28:03.0	0	0.02709	470.6	28.816	22.2	67.4
12/26/12 11:28:03.0	0	0.02793	899.4	35.582	22.09	45.7
12/26/12 14:28:03.0	0	0.02963	176.9	36.092	19.2	37.2
12/26/12 17:28:03.0	0	0.03005	49.4	34.466	19.2	40.7
12/26/12 20:28:03.0	0	0.02963	0.6	27.801	20.39	64
12/26/12 23:28:03.0	0	0.02878	0.6	25.695	19.93	70.4
12/27/12 02:28:03.0	0	0.02793	0.6	24.605	20.41	77.4
12/27/12 05:28:03.0	0	0.02751	0.6	23.809	20.09	79.6
12/27/12 08:28:03.0	0	0.02709	429.4	29.215	22.16	65.7
12/27/12 11:28:03.0	0	0.02793	964.4	35.422	21.58	44.7
12/27/12 14:28:03.0	0	0.02878	179.4	35.555	19.28	38.5
12/27/12 17:28:03.0	0	0.02963	60.6	33.966	19.18	41.8
12/27/12 20:28:03.0	0	0.02878	0.6	28.097	20.18	62.1
12/27/12 23:28:03.0	0	0.02836	0.6	25.695	20.45	72.7
12/28/12 02:28:03.0	0	0.02751	0.6	24.702	20.15	75.7
12/28/12 05:28:03.0	0	0.02709	0.6	24.195	20.16	78.1
12/28/12 08:28:03.0	0	0.02666	413.1	29.365	22	64.5
12/28/12 11:28:03.0	0	0.02751	876.9	35.395	21.7	45.1
12/28/12 14:28:03.0	0	0.02878	205.6	36.715	18.99	35.5
12/28/12 17:28:03.0	0	0.03005	58.1	33.521	19.5	43.7
12/28/12 20:28:03.0	0	0.02921	0.6	28.32	19.06	57.2
12/28/12 23:28:03.0	0	0.02878	0.6	26.207	20.69	71.6
12/29/12 02:28:03.0	0	0.02793	0.6	26.036	21.02	73.8
12/29/12 05:28:03.0	0	0.02751	0.6	25.234	20.73	76
12/29/12 08:28:03.0	0	0.02709	161.9	29.14	22.26	66.4
12/29/12 11:28:03.0	0	0.02751	266.9	33.417	20.41	46.5
12/29/12 14:28:03.0	0	0.02878	323.1	36.065	18.6	35.9
12/29/12 17:28:03.0	0	0.02963	60.6	33.235	20.03	45.9
12/29/12 20:28:03.0	0	0.02921	0.6	28.444	20.77	63.1
12/29/12 23:28:03.0	0	0.02836	0.6	26.598	20.16	67.7
12/30/12 02:28:03.0	0	0.02793	0.6	26.304	20.86	71.9
12/30/12 05:28:03.0	0	0.02709	0.6	24.919	19.99	74
12/30/12 08:28:03.0	0	0.02709	486.9	28.866	21.11	62.9
12/30/12 11:28:03.0	0	0.02751	1013.1	35.529	20.81	42.4
12/30/12 14:28:03.0	0	0.02878	359.4	36.606	17.97	33.5
12/30/12 17:28:03.0	0	0.02963	138.1	35.262	18.42	37.1
12/30/12 20:28:03.0	0	0.02921	0.6	28.171	19.53	59.4
12/30/12 23:28:03.0	0	0.02836	0.6	26.207	19.71	67.4
12/31/12 02:28:03.0	0	0.02793	0.6	25.307	20.1	72.8
12/31/12 05:28:03.0	0	0.02709	0.6	24.968	20.45	75.9
12/31/12 08:28:03.0	0	0.02709	458.1	29.464	21.94	63.9
12/31/12 11:28:03.0	0	0.02751	596.9	34.202	21.05	46.3
12/31/12 14:28:03.0	0	0.02878	388.1	36.688	18.83	35.2
12/31/12 17:28:03.0	0	0.02921	103.1	36.173	17.02	32.3
12/31/12 20:28:03.0	0	0.02878	0.6	28.916	20.34	59.8
12/31/12 23:28:03.0	0	0.02836	0.6	26.475	20.3	68.8
01/01/13 02:28:03.0	0	0.02751	0.6	26.061	20.78	72.6
01/01/13 05:28:03.0	0	0.02709	0.6	25.72	20.89	74.6
01/01/13 08:28:03.0	0	0.02709	176.9	27.801	21.47	68.4
01/01/13 11:28:03.0	0	0.02751	381.9	35.475	21.41	44.1
01/01/13 14:28:03.0	0	0.02878	991.9	38.728	19.72	33.3
01/01/13 17:28:03.0	0	0.02963	56.9	34.783	19.76	41.4
01/01/13 20:28:03.0	0	0.02921	0.6	28.419	20.51	62.2
01/01/13 23:28:03.0	0	0.02836	0.6	26.28	19.78	67.4
01/02/13 02:28:03.0	0	0.02751	0.6	25.307	20.19	73.2
01/02/13 05:28:03.0	0	0.02709	0.6	24.895	20.25	75.3
01/02/13 08:28:03.0	0	0.02709	161.9	27.456	21.19	68.6
01/02/13 11:28:03.0	0	0.02709	689.4	34.36	21.85	48.2
01/02/13 14:28:03.0	0	0.02836	264.4	35.797	19.66	38.9
01/02/13 17:28:03.0	0	0.02878	56.9	33.704	19.89	44.3
01/02/13 20:28:03.0	0	0.02878	0.6	28.667	21.49	65.1
01/02/13 23:28:03.0	0	0.02793	0.6	27.063	21.52	71.6
01/03/13 02:28:03.0	0	0.02751	0.6	25.939	21.47	76.3
01/03/13 05:28:03.0	0	0.02709	0.6	25.258	20.88	76.6
01/03/13 08:28:03.0	0	0.02666	136.9	29.015	22.04	66
01/03/13 11:28:03.0	0	0.02709	455.6	32.304	21.05	51.5
01/03/13 14:28:03.0	0	0.02836	919.4	38.924	20.32	34.2
01/03/13 17:28:03.0	0	0.02921	108.1	35.823	18.12	35.3
01/03/13 20:28:03.0	0	0.02878	0.6	29.265	19.63	56.1
01/03/13 23:28:03.0	0	0.02836	0.6	26.769	20.65	69.1
01/04/13 02:28:03.0	0	0.02751	0.6	25.793	20.61	73
01/04/13 05:28:03.0	0	0.02709	0.6	26.061	21.37	75.3
01/04/13 08:28:03.0	0	0.02709	156.9	28.097	22.28	70.6
01/04/13 11:28:03.0	0	0.02751	448.1	34.176	22.35	50.2
01/04/13 14:28:03.0	0	0.02836	873.1	36.065	20.83	41.2
01/04/13 17:28:03.0	0	0.02878	33.1	31.23	19.17	48.7
01/04/13 20:28:03.0	0	0.02836	0.6	28.295	19.81	60
01/04/13 23:28:03.0	0	0.02793	0.6	26.378	20.16	68.6
01/05/13 02:28:03.0	0	0.02709	0.6	25.501	20.44	73.5
01/05/13 05:28:03.0	0	0.02666	0.6	23.809	19.99	79.1
01/05/13 08:28:03.0	0	0.02624	371.9	29.24	22.33	66.3
01/05/13 11:28:03.0	0	0.02709	470.6	33.183	19.88	45.6
01/05/13 14:28:03.0	0	0.02836	631.9	37.728	19.7	35.1
01/05/13 17:28:03.0	0	0.02878	95.6	33.521	19.2	42.9
01/05/13 20:28:03.0	0	0.02878	0.6	28.543	20.15	60.4
01/05/13 23:28:03.0	0	0.02793	0.6	26.671	20.7	69.7
01/06/13 02:28:03.0	0	0.02751	0.6	25.768	20.92	74.5
01/06/13 05:28:03.0	0	0.02666	0.6	25.21	20.89	76.9
01/06/13 08:28:03.0	0	0.02624	463.1	29.09	22.06	65.8
01/06/13 11:28:03.0	0	0.02709	1061.9	35.475	21.41	44.1
01/06/13 14:28:03.0	0	0.02878	904.4	38.06	19.19	33.4
01/06/13 17:28:03.0	0	0.02921	134.4	34.572	19.06	40.1
01/06/13 20:28:03.0	0	0.02921	0.6	29.065	19.13	55
01/06/13 23:28:03.0	0	0.02836	0.6	26.402	19.85	67.2
01/07/13 02:28:03.0	0	0.02751	0.6	25.453	20.17	72.5
01/07/13 05:28:03.0	0	0.02709	0.6	24.944	20.32	75.4
01/07/13 08:28:03.0	0	0.02666	455.6	29.54	21.59	62.3
01/07/13 11:28:03.0	0	0.02709	1040.6	35.049	21.71	46
01/07/13 14:28:03.0	0	0.02878	910.6	37.453	19.37	34.9
01/07/13 17:28:03.0	0	0.02921	49.4	34.916	19.16	39.6
01/07/13 20:28:03.0	0	0.02878	0.6	28.543	20.42	61.4
01/07/13 23:28:03.0	0	0.02836	0.6	26.671	20.7	69.7
01/08/13 02:28:03.0	0	0.02751	0.6	26.256	21.1	73.2
01/08/13 05:28:03.0	0	0.02709	0.6	25.162	20.63	75.9
01/08/13 08:28:03.0	0	0.02666	123.1	28.617	22.06	67.6
01/08/13 11:28:03.0	0	0.02709	978.1	36.039	21.46	42.9
01/08/13 14:28:03.0	0	0.02878	244.4	36.146	18.81	36.2
01/08/13 17:28:03.0	0	0.02921	83.1	35.075	17.74	35.9
01/08/13 20:28:03.0	0	0.02878	0.6	28.295	19.24	57.9
01/08/13 23:28:03.0	0	0.02793	0.6	26.134	19.72	67.7
01/09/13 02:28:03.0	0	0.02751	0.6	25.137	19.94	72.8
01/09/13 05:28:03.0	0	0.02709	0.6	24.291	20.15	77.6
01/09/13 08:28:03.0	0	0.02666	415.6	29.916	22.31	63.7
01/09/13 11:28:03.0	0	0.02709	901.9	34.757	21.59	46.4
01/09/13 14:28:03.0	0	0.02878	903.1	38.282	19.95	34.6
01/09/13 17:28:03.0	0	0.02921	96.9	35.022	19.46	40.1
01/09/13 20:28:03.0	0	0.02878	0.6	28.245	19.98	60.8
01/09/13 23:28:03.0	0	0.02793	0.6	26.158	20	68.8
01/10/13 02:28:03.0	0	0.02751	0.6	25.453	20.15	72.4
01/10/13 05:28:03.0	0	0.02709	0.6	24.098	19.67	76.2
01/10/13 08:28:03.0	0	0.02666	453.1	28.568	21.64	66.1
01/10/13 11:28:03.0	0	0.02709	1075.6	34.202	21.05	46.3
01/10/13 14:28:03.0	0	0.02836	910.6	38.504	20.05	34.4
01/10/13 17:28:03.0	0	0.02878	45.6	34.836	18.76	38.8
01/10/13 20:28:03.0	0	0.02836	0.6	28.171	19.67	59.9
01/10/13 23:28:03.0	0	0.02793	0.6	26.207	20.63	71.3
01/11/13 02:28:03.0	0	0.02709	0.6	25.574	20.69	74.3
01/11/13 05:28:03.0	0	0.02666	0.6	24.75	20.39	76.6
01/11/13 08:28:03.0	0	0.02624	504.4	29.29	22.08	65.1
01/11/13 11:28:03.0	0	0.02709	994.4	35.609	21.64	44.4
01/11/13 14:28:03.0	0	0.02836	911.9	37.398	19.95	36.3
01/11/13 17:28:03.0	0	0.02921	65.6	33.574	18.25	40.3
01/11/13 20:28:03.0	0	0.02878	0.6	28.345	18.55	55.3
01/11/13 23:28:03.0	0	0.02793	0.6	26.402	20.42	69.6
01/12/13 02:28:03.0	0	0.02709	0.6	25.55	20.29	72.6
01/12/13 05:28:03.0	0	0.02666	0.6	24.968	20.19	74.7
01/12/13 08:28:03.0	0	0.02624	429.4	29.49	22.12	64.5
01/12/13 11:28:03.0	0	0.02666	1055.6	34.889	21.6	46.1
01/12/13 14:28:03.0	0	0.02793	929.4	36.715	19.4	36.4
01/12/13 17:28:03.0	0	0.02878	54.4	28.593	21.49	65.4
01/12/13 20:28:03.0	0	0.02793	0.6	28.023	19.74	60.7
01/12/13 23:28:03.0	0	0.02751	0.6	26.256	20.47	70.4
01/13/13 02:28:03.0	0	0.02666	0.6	25.598	20.24	72.2
01/13/13 05:28:03.0	0	0.02624	0.6	24.823	20.31	75.9
01/13/13 08:28:03.0	0	0.02624	458.1	28.369	22.02	68.4
01/13/13 11:28:03.0	0	0.02666	198.1	34.124	20.45	44.8
01/13/13 14:28:03.0	0	0.02793	184.4	37.233	19.67	36
01/13/13 17:28:03.0	0	0.02878	121.9	35.075	19.9	41.1
01/13/13 20:28:03.0	0	0.02836	0.6	29.414	21.05	60.7
01/13/13 23:28:03.0	0	0.02751	0.6	25.793	21.86	78.8
01/14/13 02:28:03.0	0	0.02709	0.6	24.46	21.55	83.7
01/14/13 05:28:03.0	0.6	0.02666	0.6	23.93	22.11	89.4
01/14/13 08:28:03.0	0	0.02624	194.4	27.579	22.86	75.4
01/14/13 11:28:03.0	0	0.02624	386.9	30.343	23.05	65
01/14/13 14:28:03.0	0	0.02709	399.4	33.443	22.61	53.1
01/14/13 17:28:03.0	0	0.02751	96.9	33.313	21.43	49.8
01/14/13 20:28:03.0	0	0.02751	0.6	28.891	21.62	64.8
01/14/13 23:28:03.0	0	0.02709	0.6	25.987	20.73	72.7
01/15/13 02:28:03.0	0	0.02666	0.6	24.992	20.83	77.6
01/15/13 05:28:03.0	0	0.02624	0.6	24.267	20.64	80.1
01/15/13 08:28:03.0	0	0.02581	364.4	28.816	22.94	70.5
01/15/13 11:28:03.0	0	0.02666	886.9	34.44	22.86	51
01/15/13 14:28:03.0	0	0.02793	234.4	36.579	20.72	39.8
01/15/13 17:28:03.0	0	0.02878	140.6	33.521	22.21	51.6
01/15/13 20:28:03.0	4.401	0.03939	0.6	27.604	22.19	72.3
01/15/13 23:28:03.0	0	0.03981	0.6	25.89	21.85	78.3
01/16/13 02:28:03.0	0	0.03939	0.6	24.798	21.16	80.1
01/16/13 05:28:03.0	0	0.03896	0.6	25.016	21.86	82.5
01/16/13 08:28:03.0	0	0.03896	185.6	26.842	22.88	78.8
01/16/13 11:28:03.0	0	0.04066	1094.4	33.417	24.53	59.7
01/16/13 14:28:03.0	0	0.04363	938.1	37.015	22.72	43.9
01/16/13 17:28:03.0	0	0.04448	91.9	35.582	20.79	42.2
01/16/13 20:28:03.0	0	0.0432	0.6	28.245	21.39	66.3
01/16/13 23:28:03.0	0	0.04193	0.6	26.622	21.43	73.1
01/17/13 02:28:03.0	0	0.04066	0.6	25.598	21.42	77.6
01/17/13 05:28:03.0	0	0.03981	0.6	24.653	20.85	79.3
01/17/13 08:28:03.0	0	0.03939	431.9	28.965	22.39	67.6
01/17/13 11:28:03.0	0	0.04193	869.4	33.861	21.26	47.8
01/17/13 14:28:03.0	0	0.04575	855.6	36.824	20.65	39.1
01/17/13 17:28:03.0	0	0.04617	81.9	34.176	19.72	42.7
01/17/13 20:28:03.0	0	0.04448	0.6	28.791	20.49	60.8
01/17/13 23:28:03.0	0	0.04278	0.6	26.695	20.82	70.1
01/18/13 02:28:03.0	0	0.04151	0.6	25.453	21.71	79.7
01/18/13 05:28:03.0	0	0.04024	0.6	25.089	21.67	81.2
01/18/13 08:28:03.0	0	0.03981	388.1	29.69	23.37	68.8
01/18/13 11:28:03.0	0	0.04236	954.4	33.365	21.64	50.3
01/18/13 14:28:03.0	0	0.0466	873.1	38.198	20.79	36.6
01/18/13 17:28:03.0	0	0.04702	74.4	34.836	18.26	37.6
01/18/13 20:28:03.0	0	0.04575	0.6	28.99	20.92	61.7
01/18/13 23:28:03.0	0	0.04363	0.6	26.231	22.05	77.7
01/19/13 02:28:03.0	0	0.04236	0.6	25.428	22.18	82.1
01/19/13 05:28:03.0	0	0.04108	0.6	25.04	21.84	82.3
01/19/13 08:28:03.0	0	0.04066	390.6	29.565	23.52	69.9
01/19/13 11:28:03.0	0	0.04278	1015.6	34.519	22.86	50.8
01/19/13 14:28:03.0	0	0.04575	918.1	35.877	21.92	44.5
01/19/13 17:28:03.0	0	0.0466	35.6	33.73	20.9	47.1
01/19/13 20:28:03.0	0	0.0449	0.6	28.717	21.36	64.4
01/19/13 23:28:03.0	0	0.0432	0.6	27.087	21.97	73.5
01/20/13 02:28:03.0	0	0.04193	0.6	26.671	22.14	76.1
01/20/13 05:28:03.0	0	0.04066	0.6	25.331	21.82	80.8
01/20/13 08:28:03.0	0	0.03981	135.6	28.791	23.17	71.6
01/20/13 11:28:03.0	0	0.04066	259.4	33.365	22.9	54.3
01/20/13 14:28:03.0	0	0.0432	189.4	34.36	21.92	48.4
01/20/13 17:28:03.0	1.2	0.04278	18.1	26.622	23.2	81.4
01/20/13 20:28:03.0	0.8	0.04066	0.6	27.998	22.98	74.1
01/20/13 23:28:03.0	0	0.03896	0.6	26.671	22.94	79.9
01/21/13 02:28:03.0	0	0.03769	0.6	26.085	22.6	81
01/21/13 05:28:03.0	0	0.03642	0.6	25.939	22.92	83.3
01/21/13 08:28:03.0	0	0.03642	266.9	28.841	23.61	73.3
01/21/13 11:28:03.0	0	0.03727	213.1	35.235	24.73	54.6
01/21/13 14:28:03.0	0	0.03981	243.1	37.563	22.28	41.5
01/21/13 17:28:03.0	0	0.04066	15.6	33.105	23.05	55.6
01/21/13 20:28:03.0	0	0.03981	0.6	28.841	21.75	65.5
01/21/13 23:28:03.0	0	0.03896	0.6	26.818	22	74.8
01/22/13 02:28:03.0	0	0.03769	0.6	26.085	22.47	80.4
01/22/13 05:28:03.0	0	0.03727	0.6	24.919	21.74	82.4
01/22/13 08:28:03.0	0	0.03684	239.4	27.456	22.83	75.8
01/22/13 11:28:03.0	0	0.03769	548.1	34.942	21.44	45.5
01/22/13 14:28:03.0	0	0.04193	785.6	37.37	19.11	34.5
01/22/13 17:28:03.0	0	0.0432	56.9	34.519	17.38	36.2
01/22/13 20:28:03.0	0	0.04151	0.6	29.165	19.25	55.1
01/22/13 23:28:03.0	0	0.03981	0.6	26.793	19.88	65.8
01/23/13 02:28:03.0	0	0.03811	0.6	25.623	20.8	74.6
01/23/13 05:28:03.0	0	0.03684	0.6	25.04	20.39	75.3
01/23/13 08:28:03.0	0	0.03599	416.9	29.19	22.11	65.6
01/23/13 11:28:03.0	0	0.03727	346.9	34.44	21.65	47.4
01/23/13 14:28:03.0	0	0.03981	236.9	36.933	19.54	36.3
01/23/13 17:28:03.0	0	0.04024	86.9	35.797	18.28	35.7
01/23/13 20:28:03.0	0	0.03896	0.6	29.815	19.76	54.8
01/23/13 23:28:03.0	0	0.03727	0.6	26.671	20.25	67.8
01/24/13 02:28:03.0	0	0.03557	0.6	24.847	20.58	77.1
01/24/13 05:28:03.0	0	0.0343	0.6	24.146	20.52	80.1
01/24/13 08:28:03.0	0	0.03345	186.9	28.295	22.11	69.1
01/24/13 11:28:03.0	0	0.0343	925.6	35.262	21.47	44.8
01/24/13 14:28:03.0	0	0.03727	929.4	37.783	17.96	31.4
01/24/13 17:28:03.0	0	0.03769	93.1	34.492	17.05	35.5
01/24/13 20:28:03.0	0	0.03684	0.6	28.891	19.17	55.7
01/24/13 23:28:03.0	0	0.03514	0.6	26.573	19.97	67
01/25/13 02:28:03.0	0	0.03387	0.6	24.798	20.71	77.9
01/25/13 05:28:03.0	0	0.03302	0.6	23.881	20.81	82.8
01/25/13 08:28:03.0	0	0.03218	430.6	28.023	22.11	70.2
01/25/13 11:28:03.0	0	0.03302	1039.4	32.124	20.76	51.1
01/25/13 14:28:03.0	0	0.03514	875.6	37.124	17.99	32.6
01/25/13 17:28:03.0	0	0.03642	58.1	35.422	16.17	31.9
01/25/13 20:28:03.0	0	0.03557	0.6	30.192	18.61	49.9
01/25/13 23:28:03.0	0	0.03387	0.6	25.841	20.34	71.6
01/26/13 02:28:03.0	0	0.03302	0.6	24.532	20.76	79.4
01/26/13 05:28:03.0	0	0.03175	0.6	22.202	19.45	84.3
01/26/13 08:28:03.0	0	0.03133	174.4	27.358	22.25	73.6
01/26/13 11:28:03.0	0	0.03175	923.1	35.716	22.32	46
01/26/13 14:28:03.0	0	0.03387	930.6	37.178	19.03	34.7
01/26/13 17:28:03.0	0	0.03514	101.9	35.075	19.18	39.3
01/26/13 20:28:03.0	0	0.0343	0.6	28.419	19.82	59.6
01/26/13 23:28:03.0	0	0.03345	0.6	25.939	20.75	73
01/27/13 02:28:03.0	0	0.03218	0.6	24.75	20.74	78.3
01/27/13 05:28:03.0	0	0.03133	0.6	23.881	20.51	81.3
01/27/13 08:28:03.0	0	0.0309	184.4	27.628	21.59	69.6
01/27/13 11:28:03.0	0	0.03133	906.9	33.992	20.69	45.8
01/27/13 14:28:03.0	0	0.03345	945.6	36.851	18.42	34
01/27/13 17:28:03.0	0	0.0343	96.9	35.555	18.33	36.3
01/27/13 20:28:03.0	0	0.03345	0.6	28.369	20.01	60.5
01/27/13 23:28:03.0	0	0.0326	0.6	25.55	20.09	71.7
01/28/13 02:28:03.0	0	0.03175	0.6	24.267	20.5	79.4
01/28/13 05:28:03.0	0	0.03048	0.6	23.328	20.4	83.5
01/28/13 08:28:03.0	0	0.03005	189.4	27.382	21.84	71.7
01/28/13 11:28:03.0	0	0.03048	1066.9	33.548	20.42	46.2
01/28/13 14:28:03.0	0	0.0326	1026.9	37.453	19.32	34.8
01/28/13 17:28:03.0	0	0.03345	66.9	34.598	17.23	35.7
01/28/13 20:28:03.0	0	0.03302	0.6	28.394	19.3	57.8
01/28/13 23:28:03.0	0	0.03175	0.6	25.186	20.11	73.4
01/29/13 02:28:03.0	0	0.0309	0.6	23.593	19.92	79.8
01/29/13 05:28:03.0	0	0.03005	0.6	21.604	18.83	84.1
01/29/13 08:28:03.0	0	0.02921	450.6	27.875	21.81	69.5
01/29/13 11:28:03.0	0	0.03005	939.4	34.942	20.29	42.4
01/29/13 14:28:03.0	0	0.03218	119.4	37.261	18.01	32.4
01/29/13 17:28:03.0	0	0.03302	85.6	34.387	18.89	40.1
01/29/13 20:28:03.0	0	0.03218	0.6	28.543	19.96	59.7
01/29/13 23:28:03.0	0	0.03133	0.6	26.134	19.83	68.2
01/30/13 02:28:03.0	0	0.03048	0.6	25.38	20.54	74.5
01/30/13 05:28:03.0	0	0.02963	0.6	24.219	20.43	79.3
01/30/13 08:28:03.0	0	0.02921	99.4	27.751	21.35	68.1
01/30/13 11:28:03.0	0	0.02963	923.1	35.342	21.29	44.1
01/30/13 14:28:03.0	0	0.03133	514.4	39.46	19.2	31
01/30/13 17:28:03.0	0	0.0326	43.1	33.914	19.21	42
01/30/13 20:28:03.0	0	0.03175	0.6	28.32	20.83	63.8
01/30/13 23:28:03.0	0	0.0309	0.6	26.598	20.84	70.6
01/31/13 02:28:03.0	0	0.03005	0.6	25.866	21.08	74.8
01/31/13 05:28:03.0	0	0.02921	0.6	24.798	20.75	78.1
01/31/13 08:28:03.0	0	0.02878	391.9	29.59	22.74	66.6
01/31/13 11:28:03.0	0	0.02921	1064.4	34.73	22.6	49.4
01/31/13 14:28:03.0	0	0.0309	1016.9	37.288	19.5	35.5
01/31/13 17:28:03.0	0	0.03175	49.4	34.071	16.85	35.9
01/31/13 20:28:03.0	0	0.0309	0.6	28.717	18.09	52.6
01/31/13 23:28:03.0	0	0.03005	0.6	26.231	20.69	71.5
02/01/13 02:28:03.0	0	0.02921	0.6	25.477	20.46	73.7
02/01/13 05:28:03.0	0	0.02878	0.6	24.267	20.19	77.9
02/01/13 08:28:03.0	0	0.02836	463.1	29.065	22.24	66.6
02/01/13 11:28:03.0	0	0.02878	938.1	34.44	20.58	44.4
02/01/13 14:28:03.0	0	0.0309	1001.9	36.878	16.62	30.3
02/01/13 17:28:03.0	0	0.03175	68.1	34.704	17.28	35.6
02/01/13 20:28:03.0	0	0.03133	0.6	28.468	19.81	59.4
02/01/13 23:28:03.0	0	0.03005	0.6	26.28	20.49	70.4
02/02/13 02:28:03.0	0	0.02921	0.6	25.623	20.76	74.4
02/02/13 05:28:03.0	0	0.02878	0.6	25.04	20.88	77.6
02/02/13 08:28:03.0	0	0.02836	168.1	28.245	22.11	69.3
02/02/13 11:28:03.0	0	0.02878	1155.6	34.15	22.17	49.7
02/02/13 14:28:03.0	0	0.03048	963.1	37.618	20.45	37
02/02/13 17:28:03.0	0	0.0309	90.6	35.877	18.79	36.7
02/02/13 20:28:03.0	0	0.03048	0.6	29.19	21.08	61.6
02/02/13 23:28:03.0	0	0.02963	0.6	26.867	20.63	68.6
02/03/13 02:28:03.0	0	0.02921	0.6	26.426	21.35	73.6
02/03/13 05:28:03.0	0	0.02836	0.6	25.744	20.96	74.8
02/03/13 08:28:03.0	0	0.02836	118.1	27.702	21.59	69.3
02/03/13 11:28:03.0	0	0.02836	1026.9	34.836	21.45	45.8
02/03/13 14:28:03.0	0	0.03005	881.9	38.588	19.89	33.9
02/03/13 17:28:03.0	0	0.03133	69.4	35.958	18.51	35.9
02/03/13 20:28:03.0	0	0.03048	0.6	29.389	20.2	57.7
02/03/13 23:28:03.0	0	0.02963	0.6	26.769	19.96	66.2
02/04/13 02:28:03.0	0	0.02878	0.6	25.695	20.43	72.6
02/04/13 05:28:03.0	0	0.02836	0.6	24.823	20.33	76
02/04/13 08:28:03.0	0	0.02793	408.1	29.14	22.19	66.1
02/04/13 11:28:03.0	0	0.02836	374.4	34.783	21.61	46.4
02/04/13 14:28:03.0	0	0.02921	270.6	35.448	20.9	42.8
02/04/13 17:28:03.0	0	0.03005	90.6	32.433	21.52	52.6
02/04/13 20:28:03.0	0	0.02963	0.6	27.899	21.11	66.5
02/04/13 23:28:03.0	0	0.02878	0.6	26.378	20.61	70.5
02/05/13 02:28:03.0	0	0.02793	0.6	25.355	20.45	74.2
02/05/13 05:28:03.0	0	0.02751	0.6	24.605	20.33	77
02/05/13 08:28:03.0	0	0.02709	413.1	28.692	21.93	66.8
02/05/13 11:28:03.0	0	0.02793	931.9	35.609	19.86	39.8
02/05/13 14:28:03.0	0	0.02963	295.6	37.261	16.95	30.3
02/05/13 17:28:03.0	0	0.03005	133.1	33.966	20.8	46.2
02/05/13 20:28:03.0	0	0.02963	0.6	28.742	19.87	58.7
02/05/13 23:28:03.0	0	0.02878	0.6	26.72	20.08	66.9
02/06/13 02:28:03.0	0	0.02836	0.6	26.134	20.87	72.7
02/06/13 05:28:03.0	0	0.02751	0.6	24.871	20.52	76.7
02/06/13 08:28:03.0	0	0.02751	133.1	28.891	22.12	66.8
02/06/13 11:28:03.0	0	0.02793	838.1	34.572	21.32	46.1
02/06/13 14:28:03.0	0	0.02921	240.6	35.797	19.02	37.4
02/06/13 17:28:03.0	0	0.03005	50.6	31.484	21.31	54.8
02/06/13 20:28:03.0	0	0.02921	0.6	28.493	19.81	59.3
02/06/13 23:28:03.0	0	0.02878	0.6	26.231	21.01	72.9
02/07/13 02:28:03.0	0	0.02793	0.6	25.404	20.89	76
02/07/13 05:28:03.0	0	0.02751	0.6	23.448	19.84	80.1
02/07/13 08:28:03.0	0	0.02709	389.4	29.04	21.87	65.2
02/07/13 11:28:03.0	0	0.02751	710.6	34.281	19.81	42.7
02/07/13 14:28:03.0	0	0.02963	944.4	38.032	17.29	29.7
02/07/13 17:28:03.0	0	0.03005	90.6	35.904	14.27	27.5
02/07/13 20:28:03.0	0	0.03005	0.6	29.991	19.45	53.2
02/07/13 23:28:03.0	0	0.02878	0.6	26.916	20.86	69.4
02/08/13 02:28:03.0	0	0.02836	0.6	26.524	21.16	72.3
02/08/13 05:28:03.0	0	0.02751	0.6	25.137	20.76	76.6
02/08/13 08:28:03.0	0	0.02709	409.4	28.468	22.23	68.9
02/08/13 11:28:03.0	0	0.02793	928.1	35.582	21.54	44.2
02/08/13 14:28:03.0	0	0.02921	861.9	37.976	20.42	36.2
02/08/13 17:28:03.0	0	0.03048	96.9	36.2	19.47	37.6
02/08/13 20:28:03.0	0	0.02963	0.6	30.495	21.09	57.2
02/08/13 23:28:03.0	0	0.02878	0.6	27.85	21.54	68.5
02/09/13 02:28:03.0	0	0.02836	0.6	26.573	21	71.4
02/09/13 05:28:03.0	0	0.02751	0.6	25.793	20.96	74.6
02/09/13 08:28:03.0	0	0.02751	368.1	28.742	21.91	66.5
02/09/13 11:28:03.0	0	0.02793	363.1	35.904	21.87	44.3
02/09/13 14:28:03.0	0	0.02921	998.1	37.618	19.65	35.2
02/09/13 17:28:03.0	0	0.03005	85.6	36.092	17.62	33.7
02/09/13 20:28:03.0	0	0.02963	0.6	29.49	18.25	50.8
02/09/13 23:28:03.0	0	0.02878	0.6	27.112	20.41	66.7
02/10/13 02:28:03.0	0	0.02793	0.6	26.085	19.72	67.9
02/10/13 05:28:03.0	0	0.02709	0.6	25.065	19.21	69.9
02/10/13 08:28:03.0	0	0.02709	361.9	28.369	20.59	62.7
02/10/13 11:28:03.0	0	0.02751	879.4	35.958	20.69	41.1
02/10/13 14:28:03.0	0	0.02921	984.4	38.309	19.93	34.5
02/10/13 17:28:03.0	0	0.03005	59.4	36.012	19.81	38.8
02/10/13 20:28:03.0	0	0.02963	0.6	30.243	21.36	59
02/10/13 23:28:03.0	0	0.02878	0.6	27.407	20.95	67.8
02/11/13 02:28:03.0	0	0.02836	0.6	26.304	20.9	72.1
02/11/13 05:28:03.0	0	0.02751	0.6	26.207	21.25	74.1
02/11/13 08:28:03.0	0	0.02709	436.9	28.568	23.19	72.6
02/11/13 11:28:03.0	0	0.02751	1135.6	34.202	23.59	54
02/11/13 14:28:03.0	0	0.02878	953.1	39.29	21.61	36.3
02/11/13 17:28:03.0	0	0.02963	54.4	36.552	19.52	37
02/11/13 20:28:03.0	0	0.02921	0.6	29.765	21.14	59.8
02/11/13 23:28:03.0	0	0.02836	0.6	26.965	20.6	68.1
02/12/13 02:28:03.0	0	0.02751	0.6	25.841	20.48	72.2
02/12/13 05:28:03.0	0	0.02709	0.6	24.968	20.23	74.9
02/12/13 08:28:03.0	0	0.02709	459.4	29.74	21.06	59.6
02/12/13 11:28:03.0	0	0.02751	854.4	35.823	21.08	42.4
02/12/13 14:28:03.0	0	0.02921	949.4	37.755	20.18	36.1
02/12/13 17:28:03.0	0	0.03005	56.9	35.904	19.59	38.5
02/12/13 20:28:03.0	0	0.02963	0.6	30.318	20.52	55.8
02/12/13 23:28:03.0	0	0.02878	0.6	27.358	20.69	66.9
02/13/13 02:28:03.0	0	0.02793	0.6	26.304	21.06	72.8
02/13/13 05:28:03.0	0	0.02709	0.6	25.258	20.6	75.3
02/13/13 08:28:03.0	0	0.02709	390.6	28.791	21.17	63.4
02/13/13 11:28:03.0	0	0.02751	1013.1	36.661	21.59	41.8
02/13/13 14:28:03.0	0	0.02878	929.4	35.877	19.31	37.9
02/13/13 17:28:03.0	0	0.02963	81.9	34.229	20.54	44.8
02/13/13 20:28:03.0	0	0.02878	0.6	28.916	19.9	58.2
02/13/13 23:28:03.0	0	0.02836	0.6	27.579	20.53	65.4
02/14/13 02:28:03.0	0	0.02751	0.6	26.671	20.89	70.5
02/14/13 05:28:03.0	0	0.02709	0.6	26.134	21.05	73.5
02/14/13 08:28:03.0	0	0.02666	124.4	28.196	21.97	68.9
02/14/13 11:28:03.0	0	0.02709	1135.6	33.992	21.79	49
02/14/13 14:28:03.0	0	0.02836	221.9	36.769	20.6	39.1
02/14/13 17:28:03.0	0	0.02921	198.1	28.196	22.39	70.7
02/14/13 20:28:03.0	2	0.02878	0.6	25.355	23.08	87.1
02/14/13 23:28:03.0	0	0.02793	0.6	26.353	22.32	78.4
02/15/13 02:28:03.0	0	0.02709	0.6	25.89	22.14	79.7
02/15/13 05:28:03.0	0	0.02666	0.6	24.847	21.49	81.5
02/15/13 08:28:03.0	0	0.02624	171.9	27.014	22.9	78.1
02/15/13 11:28:03.0	0	0.02709	948.1	33.053	23.04	55.7
02/15/13 14:28:03.0	0	0.02836	93.1	33.809	21.32	48.1
02/15/13 17:28:03.0	15.204	0.1921	28.1	24.339	21.78	85.5
02/15/13 20:28:03.0	0.2	0.18404	0.6	27.456	22.05	72.3
02/15/13 23:28:03.0	0	0.17937	0.6	25.987	21.8	77.6
02/16/13 02:28:03.0	0	0.17683	0.6	25.55	21.77	79.5
02/16/13 05:28:03.0	0	0.17428	0.6	24.532	21.72	84.2
02/16/13 08:28:03.0	0	0.17343	419.4	28.147	23.19	74.4
02/16/13 11:28:03.0	0	0.17895	281.9	32.175	22.4	56.3
02/16/13 14:28:03.0	0	0.18743	196.9	35.208	20.87	43.3
02/16/13 17:28:03.0	0	0.1887	40.6	29.29	22.8	68
02/16/13 20:28:03.0	0	0.18446	0.6	28.147	21.54	67.3
02/16/13 23:28:03.0	0	0.18022	0.6	26.549	21.71	74.7
02/17/13 01:28:03.0	0	0.17725	0.6	25.841	21.97	79.1
02/17/13 04:28:03.0	0	0.17513	0.6	25.574	22.04	80.7
02/17/13 07:28:03.0	0	0.17343	131.9	26.818	22.56	77.4
02/17/13 10:28:03.0	0	0.1781	1159.4	33.261	23.52	56.7
02/17/13 13:28:03.0	0	0.18616	150.6	28.196	21.85	68.4
02/17/13 16:28:03.0	1.4	0.18404	88.1	27.628	23.24	76.9
02/17/13 19:28:03.0	0	0.18022	0.6	25.671	21.26	76.5
02/17/13 22:28:03.0	0	0.17683	0.6	25.671	22.17	80.9
02/18/13 01:28:03.0	0	0.1747	0.6	24.992	21.93	83
02/18/13 04:28:03.0	0	0.17301	0.6	24.195	21.83	86.5
02/18/13 07:28:03.0	0	0.17174	145.6	27.235	23.26	78.8
02/18/13 10:28:03.0	0	0.17343	183.1	33.548	23.97	57.3
02/18/13 13:28:03.0	0.6	0.18064	230.6	30.041	22.79	65.1
02/18/13 16:28:03.0	0	0.17937	79.4	30.697	22.28	60.8
02/18/13 19:28:03.0	0	0.17598	0.6	28.221	21.56	67.1
02/18/13 22:28:03.0	0	0.17301	0.6	26.134	21.96	77.7
02/19/13 01:28:03.0	0	0.17046	0.6	25.866	21.55	77
02/19/13 04:28:03.0	0	0.16877	0.6	25.137	21.63	80.8
02/19/13 07:28:03.0	0	0.16665	399.4	28.32	22.86	72.2
02/19/13 10:28:03.0	0	0.1658	323.1	31.765	21.87	55.8
02/19/13 13:28:03.0	0	0.16919	285.6	35.155	20.78	43.2
02/19/13 16:28:03.0	0	0.16877	51.9	33.521	19.87	44.7
02/19/13 19:28:03.0	0	0.16622	0.6	28.593	20.3	60.8
02/19/13 22:28:03.0	0	0.16283	0.6	26.524	19.55	65.5
02/20/13 01:28:03.0	0	0.16028	0.6	25.38	20.56	74.6
02/20/13 04:28:03.0	0	0.15774	0.6	24.944	20.34	75.5
02/20/13 07:28:03.0	0	0.15519	256.9	27.161	21.54	71.3
02/20/13 10:28:03.0	0	0.15434	946.9	34.783	21.44	45.9
02/20/13 13:28:03.0	0	0.16283	759.4	35.904	19.79	39
02/20/13 16:28:03.0	0	0.1641	94.4	34.81	17.94	36.9
02/20/13 19:28:03.0	0	0.15986	0.6	29.615	19.81	55.6
02/20/13 22:28:03.0	0	0.15604	0.6	26.353	21.22	73.3
02/21/13 01:28:03.0	0	0.15222	0.6	25.695	20.96	75
02/21/13 04:28:03.0	0	0.14925	0.6	25.501	20.9	75.6
02/21/13 07:28:03.0	0	0.14628	321.9	29.24	22.43	66.7
02/21/13 10:28:03.0	0	0.14671	514.4	32.562	21.61	52.5
02/21/13 13:28:03.0	0	0.15222	279.4	36.039	20.84	41.3
02/21/13 16:28:03.0	0	0.15307	71.9	33.914	19.63	43.1
02/21/13 19:28:03.0	0	0.14883	0.6	28.866	20.05	58.9
02/21/13 22:28:03.0	0	0.14459	0.6	26.524	20.28	68.5
02/22/13 01:28:03.0	0	0.14035	0.6	25.647	20.89	74.9
02/22/13 04:28:03.0	0	0.13738	0.6	24.847	20.71	77.7
02/22/13 07:28:03.0	0	0.13441	210.6	27.259	21.68	71.5
02/22/13 10:28:03.0	0	0.13398	763.1	33.757	21.61	49.1
02/22/13 13:28:03.0	0	0.13865	674.4	36.065	19.73	38.5
02/22/13 16:28:03.0	0	0.13992	101.9	33.079	17.77	40.2
02/22/13 19:28:03.0	0	0.1361	0.6	28.692	19.21	56.5
02/22/13 22:28:03.0	0	0.13186	0.6	26.402	19.61	66.2
02/23/13 01:28:03.0	0	0.12847	0.6	25.598	20.71	74.3
02/23/13 04:28:03.0	0	0.12507	0.6	24.315	20.3	78.2
02/23/13 07:28:03.0	0	0.12253	261.9	27.358	21.82	71.7
02/23/13 10:28:03.0	0	0.1221	703.1	33.652	20.83	47.1
02/23/13 13:28:03.0	0	0.12762	859.4	37.178	20.71	38.5
02/23/13 16:28:03.0	0	0.12847	111.9	34.572	19.8	42
02/23/13 19:28:03.0	0	0.1255	0.6	28.742	20.52	61.1
02/23/13 22:28:03.0	0	0.12168	0.6	26.72	21.25	71.9
02/24/13 01:28:03.0	0	0.11786	0.6	25.939	21.34	75.7
02/24/13 04:28:03.0	0	0.11489	0.6	25.162	20.83	76.8
02/24/13 07:28:03.0	0	0.11235	348.1	28.543	22.18	68.4
02/24/13 10:28:03.0	0	0.1132	939.4	36.606	21.97	42.9
02/24/13 13:28:03.0	0	0.11871	270.6	37.563	19.46	34.9
02/24/13 16:28:03.0	0	0.11956	58.1	34.281	18.76	40
02/24/13 19:28:03.0	0	0.11617	0.6	28.394	19.77	59.5
02/24/13 22:28:03.0	0	0.11235	0.6	26.402	20.47	69.8
02/25/13 01:28:03.0	0	0.10853	0.6	25.574	20.51	73.5
02/25/13 04:28:03.0	0	0.10556	0.6	25.137	20.7	76.3
02/25/13 07:28:03.0	0	0.10302	405.6	29.04	22.24	66.7
02/25/13 10:28:03.0	0	0.10429	941.9	35.85	21.56	43.6
02/25/13 13:28:03.0	0	0.11065	931.9	40.028	19.32	30.3
02/25/13 16:28:03.0	0	0.11277	56.9	35.716	18.43	36.2
02/25/13 19:28:03.0	0	0.10938	0.6	29.015	19.43	56.2
02/25/13 22:28:03.0	0	0.10514	0.6	26.475	19.58	65.8
02/26/13 01:28:03.0	0	0.10132	0.6	25.38	20.3	73.4
02/26/13 04:28:03.0	0	0.09793	0.6	24.847	20.52	76.8
02/26/13 07:28:03.0	0	0.0958	436.9	28.518	21.79	66.9
02/26/13 10:28:03.0	0	0.09665	939.4	35.502	21.28	43.7
02/26/13 13:28:03.0	0	0.10259	1011.9	37.398	19.68	35.7
02/26/13 16:28:03.0	0	0.10386	46.9	35.395	18.19	36.3
02/26/13 19:28:03.0	0	0.1009	0.6	29.865	18.34	50
02/26/13 22:28:03.0	0	0.09665	0.6	26.989	18.93	61.3
02/27/13 01:28:03.0	0	0.09326	0.6	25.647	20.47	73
02/27/13 04:28:03.0	0	0.09071	0.6	24.75	20.55	77.4
02/27/13 07:28:03.0	0	0.08859	474.4	29.59	22.61	66.1
02/27/13 10:28:03.0	0	0.08944	408.1	34.704	21.04	45
02/27/13 13:28:03.0	0	0.09411	949.4	36.308	18.86	36
02/27/13 16:28:03.0	0	0.09538	58.1	35.049	17.62	35.7
02/27/13 19:28:03.0	0	0.09284	0.6	29.14	20.03	57.9
02/27/13 22:28:03.0	0	0.08944	0.6	26.598	20.44	68.9
02/28/13 01:28:03.0	0	0.08605	0.6	25.477	20.57	74.2
02/28/13 04:28:03.0	0	0.0835	0.6	25.234	20.96	77.1
02/28/13 07:28:03.0	0	0.08138	418.1	29.715	22.46	65
02/28/13 10:28:03.0	0	0.08223	954.4	35.877	21.92	44.5
02/28/13 13:28:03.0	0	0.08732	985.6	38.588	19.98	34.1
02/28/13 16:28:03.0	0	0.08944	44.4	34.783	19.13	39.8
02/28/13 19:28:03.0	0	0.0869	0.6	29.04	19.42	56.1
02/28/13 22:28:03.0	0	0.0835	0.6	26.646	20.2	67.7
03/01/13 01:28:03.0	0	0.08053	0.6	26.085	20.82	72.7
03/01/13 04:28:03.0	0	0.07799	0.6	25.38	20.74	75.4
03/01/13 07:28:03.0	0	0.07629	396.9	29.389	22.62	66.9
03/01/13 10:28:03.0	0	0.07714	1055.6	36.227	22.08	44.1
03/01/13 13:28:03.0	0	0.08096	1006.9	37.206	19.51	35.7
03/01/13 16:28:03.0	0	0.08265	124.4	35.743	20.14	40.2
03/01/13 19:28:03.0	0	0.08096	0.6	28.048	21.92	69.3
03/01/13 22:28:03.0	0	0.07841	0.6	28.171	20.38	62.6
03/02/13 01:28:03.0	0	0.07587	0.6	26.549	20.7	70.2
03/02/13 04:28:03.0	0	0.07375	0.6	25.768	20.85	74.2
03/02/13 07:28:03.0	0	0.07205	135.6	28.568	22.37	69.1
03/02/13 10:28:03.0	0.4	0.07163	318.1	33.287	23.72	57.3
03/02/13 13:28:03.0	0	0.07375	906.9	36.905	21.13	40.1
03/02/13 16:28:03.0	0	0.07544	46.9	34.413	18.06	38
03/02/13 19:28:03.0	0	0.07417	0.6	29.265	19.52	55.7
03/02/13 22:28:03.0	0	0.07247	0.6	27.653	19.61	61.5
03/03/13 01:28:03.0	0	0.07035	0.6	26.475	20.3	68.8
03/03/13 04:28:03.0	0	0.06866	0.6	25.258	20.21	73.5
03/03/13 07:28:03.0	0	0.06696	339.4	29.34	21.48	62.6
03/03/13 10:28:03.0	0	0.06823	900.6	35.609	21.38	43.7
03/03/13 13:28:03.0	0	0.07247	485.6	36.661	19.22	36.1
03/03/13 16:28:03.0	0	0.0746	51.9	34.572	19.49	41.2
03/03/13 19:28:03.0	0	0.0729	0.6	29.365	21.14	61.2
03/03/13 22:28:03.0	0	0.07078	0.6	27.431	20.71	66.7
03/04/13 01:28:03.0	0	0.06866	0.6	26.524	20.86	71
03/04/13 04:28:03.0	0	0.06654	0.6	25.55	20.71	74.5
03/04/13 07:28:03.0	0	0.06526	340.6	29.265	22.15	65.5
03/04/13 10:28:03.0	0	0.06611	895.6	34.124	22.27	50.1
03/04/13 13:28:03.0	0	0.07035	229.4	37.618	21.27	38.9
03/04/13 16:28:03.0	0	0.07205	79.4	35.128	20.72	43.1
03/04/13 19:28:03.0	0	0.07035	0.6	30.243	21.66	60.1
03/04/13 22:28:03.0	0	0.06823	0.6	27.776	21.71	69.5
03/05/13 01:28:03.0	0	0.06611	0.6	26.671	22.09	75.9
03/05/13 04:28:03.0	0	0.06441	0.6	26.061	21.97	78.1
03/05/13 07:28:03.0	0	0.06272	415.6	29.414	23.21	69.2
03/05/13 10:28:03.0	0	0.06314	309.4	34.466	22.59	50.1
03/05/13 13:28:03.0	0	0.06611	939.4	38.06	20.67	36.6
03/05/13 16:28:03.0	0	0.06781	74.4	34.651	19.68	41.5
03/05/13 19:28:03.0	0	0.06654	0.6	29.89	21.01	58.9
03/05/13 22:28:03.0	0	0.06441	0.6	27.554	21.19	68.2
03/06/13 01:28:03.0	0	0.06272	0.6	26.207	21.34	74.5
03/06/13 04:28:03.0	0	0.0606	0.6	26.134	21.83	77.1
03/06/13 07:28:03.0	0	0.05975	175.6	29.439	23.28	69.4
03/06/13 10:28:03.0	0	0.06017	484.4	34.281	21.58	47.6
03/06/13 13:28:03.0	0	0.06272	848.1	37.261	20.83	38.6
03/06/13 16:28:03.0	0	0.06441	101.9	33.73	20.73	46.6
03/06/13 19:28:03.0	0	0.06314	0.6	28.394	21.3	65.4
03/06/13 22:28:03.0	0	0.06102	0.6	26.72	21.19	71.6
03/07/13 01:28:03.0	0	0.05932	0.6	25.525	20.51	73.7
03/07/13 04:28:03.0	0	0.05763	0.6	24.46	20.54	78.7
03/07/13 07:28:03.0	0	0.05635	434.4	28.245	21.92	68.5
03/07/13 10:28:03.0	0	0.05678	494.4	33.914	21.34	47.9
03/07/13 13:28:03.0	0	0.0589	800.6	37.425	19.25	34.7
03/07/13 16:28:03.0	0	0.06017	106.9	34.73	17.56	36.2
03/07/13 19:28:03.0	0	0.05975	0.6	28.816	19.94	58.7
03/07/13 22:28:03.0	0	0.05805	0.6	26.769	19.51	64.4
03/08/13 01:28:03.0	0	0.05635	0.6	25.501	19.81	70.7
03/08/13 04:28:03.0	0	0.05508	0.6	23.93	19.9	78.1
03/08/13 07:28:03.0	0	0.05339	123.1	27.407	21.07	68.3
03/08/13 10:28:03.0	0	0.05423	951.9	36.254	20.47	39.9
03/08/13 13:28:03.0	0	0.05805	626.9	37.535	17.59	31.1
03/08/13 16:28:03.0	0	0.05975	96.9	35.958	18.1	35
03/08/13 19:28:03.0	0	0.0589	0.6	29.315	21.38	62.3
03/08/13 22:28:03.0	0	0.0572	0.6	27.382	21.38	69.7
03/09/13 01:28:03.0	0	0.05551	0.6	26.549	20.95	71.3
03/09/13 04:28:03.0	0	0.05381	0.6	25.768	21.16	75.6
03/09/13 07:28:03.0	0	0.05254	386.9	28.072	22.06	69.8
03/09/13 10:28:03.0	0	0.05254	481.9	33.966	23.31	53.8
03/09/13 13:28:03.0	1.4	0.05466	315.6	32.587	24.11	61
03/09/13 16:28:03.0	9.402	0.18234	11.9	26.524	23.21	81.9
03/09/13 19:28:03.0	0	0.17598	0.6	26.573	22.51	78.3
03/09/13 22:28:03.0	0	0.17216	0.6	26.329	21.91	76.6
03/10/13 01:28:03.0	0	0.16877	0.6	25.501	22.29	82.3
03/10/13 04:28:03.0	0	0.16622	0.6	24.195	21.58	85.2
03/10/13 07:28:03.0	0	0.16452	448.1	28.345	24.19	78.1
03/10/13 10:28:03.0	0	0.17174	326.9	32.872	23.71	58.6
03/10/13 13:28:03.0	0	0.17895	948.1	37.673	23.08	43.3
03/10/13 16:28:03.0	0	0.18192	38.1	32.794	21.79	52.4
03/10/13 19:28:03.0	0	0.1764	0.6	28.816	22.61	69.1
03/10/13 22:28:03.0	0	0.17174	0.6	26.867	22.33	76.1
03/11/13 01:28:03.0	0	0.16749	0.6	25.671	22.38	81.9
03/11/13 04:28:03.0	0	0.1641	0.6	24.291	21.71	85.4
03/11/13 07:28:03.0	0	0.16198	455.6	29.54	24.15	72.7
03/11/13 10:28:03.0	0	0.17131	945.6	34.81	22.84	49.9
03/11/13 13:28:03.0	0	0.18361	916.9	36.987	20.33	38
03/11/13 16:28:03.0	0	0.18531	79.4	35.395	18.41	36.8
03/11/13 19:28:03.0	0	0.1798	0.6	28.766	21.23	63.7
03/11/13 22:28:03.0	0	0.17386	0.6	26.231	21.5	75.1
03/12/13 01:28:03.0	0	0.16877	0.6	25.258	21.32	78.7
03/12/13 04:28:03.0	0	0.16452	0.6	23.448	20.56	83.7
03/12/13 07:28:03.0	0	0.16155	429.4	29.165	23.06	69.6
03/12/13 10:28:03.0	0	0.16877	653.1	34.519	22.73	50.4
03/12/13 13:28:03.0	0	0.18234	988.1	37.261	20.31	37.4
03/12/13 16:28:03.0	0	0.18446	74.4	34.624	19.97	42.3
03/12/13 19:28:03.0	0	0.17895	0.6	28.816	20.78	61.8
03/12/13 22:28:03.0	0	0.17301	0.6	27.063	22.19	74.6
03/13/13 01:28:03.0	0	0.16792	0.6	26.207	22.43	79.6
03/13/13 04:28:03.0	0	0.1641	0.6	25.355	22.23	82.7
03/13/13 07:28:03.0	0	0.16113	170.6	29.34	23.18	69.4
03/13/13 10:28:03.0	0	0.16665	308.1	34.255	22.36	50
03/13/13 13:28:03.0	0	0.17852	968.1	37.783	20.86	37.6
03/13/13 16:28:03.0	0	0.18064	109.4	34.176	21.34	47.2
03/13/13 19:28:03.0	0	0.17683	0.6	28.99	21.51	64
03/13/13 22:28:03.0	0	0.17089	0.6	26.867	21.76	73.5
03/14/13 01:28:03.0	0	0.1658	0.6	25.987	21.65	76.9
03/14/13 04:28:03.0	0	0.16155	0.6	25.501	21.47	78.3
03/14/13 07:28:03.0	0	0.15859	435.6	29.315	22.99	68.7
03/14/13 10:28:03.0	0	0.1658	305.6	33.105	22.08	52.4
03/14/13 13:28:03.0	0	0.1747	278.1	35.904	20.96	41.9
03/14/13 16:28:03.0	0	0.17598	58.1	34.44	20.4	43.9
03/14/13 19:28:03.0	0	0.17216	0.6	28.295	21.01	64.6
03/14/13 22:28:03.0	0	0.16665	0.6	26.598	21.52	73.6
03/15/13 01:28:03.0	0	0.16155	0.6	25.768	21.09	75.3
03/15/13 04:28:03.0	0	0.15774	0.6	25.016	21.37	80.1
03/15/13 07:28:03.0	0	0.15477	406.9	28.692	23.06	71.5
03/15/13 10:28:03.0	0	0.16198	948.1	35.582	22.83	47.8
03/15/13 13:28:03.0	0	0.17555	968.1	39.686	21.22	34.7
03/15/13 16:28:03.0	0	0.1798	101.9	35.395	20.69	42.4
03/15/13 19:28:03.0	0	0.1747	0.6	28.444	21.38	65.5
03/15/13 22:28:03.0	0	0.16834	0.6	27.21	21.22	69.7
03/16/13 01:28:03.0	0	0.16283	0.6	26.329	20.88	71.9
03/16/13 04:28:03.0	0	0.15816	0.6	26.036	21.04	73.9
03/16/13 07:28:03.0	0	0.15477	478.1	29.54	22.94	67.6
03/16/13 10:28:03.0	0	0.16028	656.9	31.944	22.73	58.2
03/16/13 13:28:03.0	0	0.16792	491.9	35.823	21.83	44.4
03/16/13 16:28:03.0	0	0.17046	90.6	33.183	20.06	46.1
03/16/13 19:28:03.0	0	0.1658	0.6	28.147	20.99	65.1
03/16/13 22:28:03.0	0	0.16071	0.6	26.793	20.65	69
03/17/13 01:28:03.0	0	0.15604	0.6	25.793	21.12	75.3
03/17/13 04:28:03.0	0	0.1518	0.6	24.919	21.01	78.8
03/17/13 07:28:03.0	0	0.14883	266.9	28.493	22.63	70.5
03/17/13 10:28:03.0	0	0.15434	1039.4	34.863	22.52	48.8
03/17/13 13:28:03.0	0	0.16325	383.1	37.069	20.99	39.4
03/17/13 16:28:03.0	0	0.1658	55.6	33.966	21.9	49.4
03/17/13 19:28:03.0	0	0.16198	0.6	29.165	21.27	62.4
03/17/13 22:28:03.0	0	0.15689	0.6	27.014	21.45	71.5
03/18/13 01:28:03.0	0	0.15222	0.6	26.231	20.97	72.7
03/18/13 04:28:03.0	0	0.1484	0.6	25.065	20.92	77.7
03/18/13 07:28:03.0	0	0.14544	108.1	27.505	22.24	72.9
03/18/13 10:28:03.0	0	0.14756	998.1	35.609	23.4	49.4
03/18/13 13:28:03.0	0	0.15604	99.4	34.019	20.1	44.1
03/18/13 16:28:03.0	0	0.15689	53.1	32.047	21.92	55.1
03/18/13 19:28:03.0	0	0.15392	0.6	28.221	21.61	67.3
03/18/13 22:28:03.0	0	0.14925	0.6	26.769	22.04	75.2
03/19/13 01:28:03.0	0	0.14586	0.6	26.646	22.6	78.4
03/19/13 04:28:03.0	0	0.14247	0.6	25.963	22.17	79.5
03/19/13 07:28:03.0	0	0.14035	179.4	27.801	22.83	74.3
03/19/13 10:28:03.0	0	0.14162	393.1	32.33	23.51	59.7
03/19/13 13:28:03.0	0	0.14798	493.1	31.944	22.93	58.9
03/19/13 16:28:03.0	0	0.1484	43.1	28.593	23.8	75.2
03/19/13 19:28:03.0	0	0.14501	0.6	28.32	22.74	71.7
03/19/13 22:28:03.0	0	0.14162	0.6	26.989	22.55	76.6
03/20/13 01:28:03.0	0	0.13865	0.6	26.28	22.56	79.9
03/20/13 04:28:03.0	0	0.1361	0.6	25.866	22.14	79.8
03/20/13 07:28:03.0	0	0.13356	284.4	28.841	23.22	71.6
03/20/13 10:28:03.0	0	0.13695	958.1	34.466	23.23	52.1
03/20/13 13:28:03.0	0	0.14374	498.1	35.609	21.23	43.3
03/20/13 16:28:03.0	0	0.14628	38.1	33.417	19.63	44.3
03/20/13 19:28:03.0	0	0.14247	0.6	28.841	19.86	58.3
03/20/13 22:28:03.0	0	0.13822	0.6	26.304	20.54	70.5
03/21/13 01:28:03.0	0	0.13441	0.6	25.162	20.68	76.1
03/21/13 04:28:03.0	0	0.13101	0.6	24.798	21.04	79.5
03/21/13 07:28:03.0	0	0.12889	513.1	29.815	23.08	67.1
03/21/13 10:28:03.0	0	0.13271	949.4	35.208	21.39	44.7
03/21/13 13:28:03.0	0	0.14289	971.9	37.728	19.65	35
03/21/13 16:28:03.0	0	0.14501	40.6	34.202	18.97	40.7
03/21/13 19:28:03.0	0	0.14162	0.6	28.866	20.53	60.7
03/21/13 22:28:03.0	0	0.13695	0.6	26.891	21.4	71.8
03/22/13 01:28:03.0	0	0.13271	0.6	25.89	21.49	76.6
03/22/13 04:28:03.0	0	0.12932	0.6	23.761	20.55	82.1
03/22/13 07:28:03.0	0	0.12635	444.4	28.965	23.04	70.3
03/22/13 10:28:03.0	0	0.12974	1063.1	35.448	22.74	47.9
03/22/13 13:28:03.0	0	0.1378	233.1	37.48	20.85	38.2
03/22/13 16:28:03.0	0	0.13992	68.1	32.098	21.05	52.1
03/22/13 19:28:03.0	0	0.13653	0.6	28.32	20.98	64.4
03/22/13 22:28:03.0	0	0.13229	0.6	26.671	21.46	73
03/23/13 01:28:03.0	0	0.12804	0.6	25.768	21.52	77.3
03/23/13 04:28:03.0	0	0.12465	0.6	24.508	21.2	81.7
03/23/13 07:28:03.0	0	0.1221	434.4	28.692	23.15	71.9
03/23/13 10:28:03.0	0	0.12423	194.4	32.073	22.88	58.3
03/23/13 13:28:03.0	0	0.12974	878.1	36.796	23.04	45.3
03/23/13 16:28:03.0	0	0.13144	46.9	27.974	23.85	78.2
03/23/13 19:28:03.0	0	0.12804	0.6	26.867	22.33	76.1
03/23/13 22:28:03.0	0	0.12423	0.6	26.085	21.72	76.8
03/24/13 01:28:03.0	0	0.12126	0.6	25.768	22.1	80.1
03/24/13 04:28:03.0	0	0.11871	0.6	26.085	22.35	79.8
03/24/13 07:28:03.0	0	0.11701	410.6	28.841	22.56	68.8
03/24/13 10:28:03.0	0	0.12041	1241.9	35.582	23.07	48.5
03/24/13 13:28:03.0	0	0.1272	998.1	37.042	21.38	40.4
03/24/13 16:28:03.0	0	0.12804	31.9	31.103	22.77	61.2
03/24/13 19:28:03.0	0	0.12507	0.6	28.023	20.75	64.6
03/24/13 22:28:03.0	0	0.12083	0.6	26.329	21.41	74.3
03/25/13 01:28:03.0	0	0.11744	0.6	25.089	21.32	79.5
03/25/13 04:28:03.0	0	0.11447	0.6	23.352	20.5	83.9
03/25/13 07:28:03.0	0	0.11192	219.4	28.295	23.04	73.1
03/25/13 10:28:03.0	0	0.1132	543.1	33.521	22.83	53.6
03/25/13 13:28:03.0	0	0.11871	305.6	37.535	20.86	38.1
03/25/13 16:28:03.0	0	0.12083	94.4	32.278	22.7	57
03/25/13 19:28:03.0	0	0.11829	0.6	28.468	21.47	65.8
03/25/13 22:28:03.0	0	0.11489	0.6	26.769	21.73	73.8
03/26/13 01:28:03.0	0	0.11192	0.6	25.914	21.7	77.5
03/26/13 04:28:03.0	0	0.10938	0.6	25.598	21.42	77.6
03/26/13 07:28:03.0	0	0.10726	401.9	29.865	23.05	66.8
03/26/13 10:28:03.0	0	0.11023	923.1	36.039	22.61	46
03/26/13 13:28:03.0	1.8	0.11829	99.4	26.109	20.26	70.1
03/26/13 16:28:03.0	12.803	0.19252	40.6	25.744	22.77	83.5
03/26/13 19:28:03.0	0.2	0.18489	0.6	25.671	22.6	83
03/26/13 22:28:03.0	0	0.18064	0.6	26.256	22.74	80.9
03/27/13 01:28:03.0	0	0.17725	0.6	25.234	22.35	83.9
03/27/13 04:28:03.0	0	0.17513	0.6	24.339	21.89	86.1
03/27/13 07:28:03.0	0	0.1747	309.4	29.79	23.92	70.7
03/27/13 10:28:03.0	0	0.18276	1021.9	33.73	23.96	56.7
03/27/13 13:28:03.0	0	0.18998	198.1	35.85	21.29	42.9
03/27/13 16:28:03.0	0	0.1887	198.1	33.548	23.31	55.1
03/27/13 19:28:03.0	0	0.18276	0.6	28.742	21.07	63.2
03/27/13 22:28:03.0	0	0.17725	0.6	26.818	22.37	76.5
03/28/13 01:28:03.0	0	0.17258	0.6	25.671	22.23	81.2
03/28/13 04:28:03.0	0	0.16919	0.6	24.026	21.58	86.1
03/28/13 07:28:03.0	0	0.16749	193.1	29.365	23.86	72.2
03/28/13 10:28:03.0	0	0.17598	951.9	35.235	22.55	47.9
03/28/13 13:28:03.0	0	0.18701	245.6	35.877	20.89	41.8
03/28/13 16:28:03.0	0	0.18701	178.1	32.794	23.29	57.4
03/28/13 19:28:03.0	0	0.18276	0.6	29.09	22.09	65.9
03/28/13 22:28:03.0	0	0.1781	0.6	26.769	22.4	76.9
03/29/13 01:28:03.0	0	0.17386	0.6	26.304	22.63	80.1
03/29/13 04:28:03.0	0	0.17089	0.6	25.987	22.38	80.4
03/29/13 07:28:03.0	0	0.16877	364.4	29.49	23.11	68.5
03/29/13 10:28:03.0	0	0.17725	918.1	34.81	22.13	47.8
03/29/13 13:28:03.0	0	0.18955	981.9	37.866	21.66	39.3
03/29/13 16:28:03.0	0	0.1921	39.4	34.097	20.31	44.5
03/29/13 19:28:03.0	0	0.18701	0.6	28.468	21.4	65.5
03/29/13 22:28:03.0	0	0.18149	0.6	27.063	21.63	72.1
03/30/13 01:28:03.0	0	0.17683	0.6	25.914	21.23	75.3
03/30/13 04:28:03.0	0	0.17258	0.6	24.315	20.73	80.3
03/30/13 07:28:03.0	0	0.16961	485.6	28.593	22.32	68.8
03/30/13 10:28:03.0	0	0.17767	921.9	34.545	20.97	45.2
03/30/13 13:28:03.0	0	0.19252	923.1	38.421	19.06	32.5
03/30/13 16:28:03.0	0	0.19549	65.6	35.342	18.96	38.2
03/30/13 19:28:03.0	0	0.1904	0.6	29.414	21.16	61.1
03/30/13 22:28:03.0	0	0.18446	0.6	27.014	21.08	69.9
03/31/13 01:28:03.0	0	0.17937	0.6	25.89	20.55	72.3
03/31/13 04:28:03.0	0	0.1747	0.6	24.195	19.03	72.8
03/31/13 07:28:03.0	0	0.17131	411.9	28.518	21.6	66.1
03/31/13 10:28:03.0	0	0.17895	275.6	34.229	21.15	46.5
03/31/13 13:28:03.0	0	0.19167	221.9	37.453	18.9	33.9
03/31/13 16:28:03.0	0	0.19337	46.9	35.609	17.01	33.3
03/31/13 19:28:03.0	0	0.1887	0.6	29.54	14.76	40.6
03/31/13 22:28:03.0	0	0.18276	0.6	27.014	17.76	56.9
04/01/13 01:28:03.0	0	0.17767	0.6	25.428	19.9	71.4
04/01/13 04:28:03.0	0	0.17343	0.6	24.702	20.04	75.2
04/01/13 07:28:03.0	0	0.17004	424.4	28.816	22.27	67.7
04/01/13 10:28:03.0	0	0.17767	909.4	35.182	21.25	44.4
04/01/13 13:28:03.0	0	0.1921	810.6	38.98	16.42	26.7
04/01/13 16:28:03.0	0	0.19422	40.6	34.202	19.93	43.2
04/01/13 19:28:03.0	0.2	0.18913	0.6	28.394	21.6	66.6
04/01/13 22:28:03.0	0	0.18192	0.6	27.014	21.47	71.6
04/02/13 01:28:03.0	0	0.17725	0.6	26.72	21.44	72.7
04/02/13 04:28:03.0	0	0.17301	0.6	25.21	20.53	75.2
04/02/13 07:28:03.0	0	0.17004	424.4	28.32	21.6	66.9
04/02/13 10:28:03.0	0	0.17513	1024.4	34.572	21.74	47.3
04/02/13 13:28:03.0	0	0.18489	616.9	37.811	20.31	36.3
04/02/13 16:28:03.0	0	0.18743	46.9	34.097	20.09	43.9
04/02/13 19:28:03.0	0	0.18319	0.6	29.115	19.26	55.3
04/02/13 22:28:03.0	0	0.17767	0.6	26.598	21.16	72
04/03/13 01:28:03.0	0	0.17301	0.6	25.647	21.06	75.7
04/03/13 04:28:03.0	0	0.16877	0.6	24.508	20.96	80.5
04/03/13 07:28:03.0	0	0.1658	413.1	29.14	22.92	69.1
04/03/13 10:28:03.0	0	0.17301	1068.1	34.889	21.75	46.5
04/03/13 13:28:03.0	0	0.18192	369.4	35.208	19.74	40.4
04/03/13 16:28:03.0	0	0.18531	83.1	32.949	20.26	47.3
04/03/13 19:28:03.0	0	0.18064	0.6	29.24	20.09	57.8
04/03/13 22:28:03.0	0	0.17555	0.6	27.038	21.79	72.9
04/04/13 01:28:03.0	0	0.17089	0.6	25.841	21.78	78.2
04/04/13 04:28:03.0	0	0.16707	0.6	25.404	21.31	78
04/04/13 07:28:03.0	0	0.1641	416.9	29.389	22.15	65
04/04/13 10:28:03.0	0	0.16961	310.6	33.861	20.88	46.7
04/04/13 13:28:03.0	0	0.17852	934.4	38.115	20.4	35.9
04/04/13 16:28:03.0	0	0.18192	130.6	33.861	21.4	48.2
04/04/13 19:28:03.0	0	0.17852	0.6	28.742	20.39	60.6
04/04/13 22:28:03.0	0	0.17301	0.6	26.891	20.84	69.4
04/05/13 01:28:03.0	0	0.16834	0.6	26.085	20.8	72.6
04/05/13 04:28:03.0	0	0.1641	0.6	25.38	21.08	77
04/05/13 07:28:03.0	0	0.16113	455.6	28.568	22.91	71.4
04/05/13 10:28:03.0	0	0.1658	919.4	35.155	20.97	43.7
04/05/13 13:28:03.0	0	0.17683	298.1	37.425	19.16	34.5
04/05/13 16:28:03.0	0	0.17852	124.4	33.053	20.86	48.8
04/05/13 19:28:03.0	0	0.1747	0.6	28.891	20.64	61
04/05/13 22:28:03.0	0	0.16961	0.6	26.475	21.38	73.5
04/06/13 01:28:03.0	0	0.16495	0.6	23.857	19.77	77.8
04/06/13 04:28:03.0	0	0.16028	0.6	24.243	20.92	81.6
04/06/13 07:28:03.0	0	0.15731	416.9	29.065	22.58	68
04/06/13 10:28:03.0	0	0.16198	884.4	35.582	21.35	43.7
04/06/13 13:28:03.0	0	0.17301	223.1	38.337	19.67	33.9
04/06/13 16:28:03.0	0	0.17428	99.4	32.381	21.78	53.6
04/06/13 19:28:03.0	0	0.17004	0.6	28.642	21.56	65.5
04/06/13 22:28:03.0	0	0.16495	0.6	26.818	21.91	74.4
04/07/13 01:28:03.0	0	0.16028	0.6	25.671	22.15	80.8
04/07/13 04:28:03.0	0	0.15689	0.6	24.388	21.75	85.1
04/07/13 07:28:03.0	0	0.1535	408.1	29.464	23.51	70.3
04/07/13 10:28:03.0	0	0.15689	875.6	35.877	23.44	48.8
04/07/13 13:28:03.0	0	0.16792	965.6	38.84	21.44	36.8
04/07/13 16:28:03.0	0	0.17046	135.6	32.768	22.62	55.2
04/07/13 19:28:03.0	0	0.16665	0.6	28.593	22.61	70
04/07/13 22:28:03.0	0	0.16155	0.6	27.186	22.7	76.4
04/08/13 01:28:03.0	0	0.15731	0.6	26.158	22.63	80.8
04/08/13 04:28:03.0	0	0.1535	0.6	25.355	22.41	83.6
04/08/13 07:28:03.0	0	0.15095	165.6	28.791	23.92	74.9
04/08/13 10:28:03.0	0	0.15392	1099.4	34.36	24.66	57.1
04/08/13 13:28:03.0	0	0.16198	214.4	36.905	21.93	42.1
04/08/13 16:28:03.0	0	0.16368	0.6	29.215	21.75	64.1
04/08/13 19:28:03.0	0	0.15986	0.6	28.048	23.09	74.4
04/08/13 22:28:03.0	0	0.15519	0.6	27.308	22.45	74.7
04/09/13 01:28:03.0	0	0.15137	0.6	25.817	22.34	81
04/09/13 04:28:03.0	0	0.14798	0.6	23.833	21.28	85.5
04/09/13 07:28:03.0	0	0.14501	561.9	30.369	24.83	72.2
04/09/13 10:28:03.0	0	0.14798	1035.6	35.502	22.86	48.1
04/09/13 13:28:03.0	0	0.15604	919.4	37.7	20.22	36.3
04/09/13 16:28:03.0	0	0.15816	44.4	34.572	20.15	42.9
04/09/13 19:28:03.0	0	0.15519	0.6	29.34	21.01	60.8
04/09/13 22:28:03.0	0	0.15053	0.6	26.989	21.6	72.3
04/10/13 01:28:03.0	0	0.14628	0.6	25.623	21.32	77
04/10/13 04:28:03.0	0	0.14247	0.6	24.895	21.09	79.3
04/10/13 07:28:03.0	0	0.1395	415.6	29.365	23.04	68.7
04/10/13 10:28:03.0	0	0.14247	1001.9	36.552	22.6	44.7
04/10/13 13:28:03.0	0	0.15095	865.6	37.618	20.72	37.6
04/10/13 16:28:03.0	0	0.15392	113.1	34.969	18.92	38.9
04/10/13 19:28:03.0	0	0.15095	0.6	29.464	20.55	58.7
04/10/13 22:28:03.0	0	0.14628	0.6	27.358	21.1	68.6
04/11/13 01:28:03.0	0	0.14204	0.6	25.987	21.39	75.7
04/11/13 04:28:03.0	0	0.13865	0.6	25.258	21.34	78.8
04/11/13 07:28:03.0	0	0.13568	359.4	28.916	22.61	68.7
04/11/13 10:28:03.0	0	0.1378	1066.9	34.863	22.68	49.3
04/11/13 13:28:03.0	0	0.14501	254.4	39.346	20.88	34.6
04/11/13 16:28:03.0	0	0.14671	94.4	35.022	19.38	39.9
04/11/13 19:28:03.0	0	0.14416	0.6	29.79	21.27	60.2
04/11/13 22:28:03.0	0	0.14035	0.6	27.284	20.91	68.1
04/12/13 01:28:03.0	0	0.13653	0.6	26.353	21.59	75
04/12/13 04:28:03.0	0	0.13356	0.6	25.914	21.7	77.5
04/12/13 07:28:03.0	0	0.13101	455.6	28.692	22.54	69.3
04/12/13 10:28:03.0	0	0.13356	906.9	36.715	20.88	39.9
04/12/13 13:28:03.0	0	0.14289	668.1	38.812	19	31.7
04/12/13 16:28:03.0	0	0.14544	18.1	35.342	18.62	37.4
04/12/13 19:28:03.0	0	0.14247	0.6	29.79	21.02	59.3
04/12/13 22:28:03.0	0	0.1378	0.6	27.998	20.88	65.2
04/13/13 01:28:03.0	0	0.13398	0.6	27.161	21.52	71.2
04/13/13 04:28:03.0	0	0.13059	0.6	26.182	21.47	75.2
04/13/13 07:28:03.0	0	0.12804	215.6	28.394	23.07	72.8
04/13/13 10:28:03.0	0	0.12889	249.4	34.73	23.6	52.5
04/13/13 13:28:03.0	0	0.13271	1055.6	36.688	21.18	40.7
04/13/13 16:28:03.0	0	0.13483	50.6	33.992	20.93	46.5
04/13/13 19:28:03.0	0	0.13271	0.6	28.593	20.65	62.1
04/13/13 22:28:03.0	0	0.12932	0.6	26.378	20.99	72.2
04/14/13 01:28:03.0	0	0.12592	0.6	24.847	20.65	77.4
04/14/13 04:28:03.0	0	0.12253	0.6	22.848	20.07	84.2
04/14/13 07:28:03.0	0	0.11998	414.4	29.215	22.75	68.1
04/14/13 10:28:03.0	0	0.1221	1001.9	34.36	22.91	51.4
04/14/13 13:28:03.0	0	0.12932	940.6	38.365	21.89	38.8
04/14/13 16:28:03.0	0.8	0.13144	74.4	31.612	21.9	56.4
04/14/13 19:28:03.0	0	0.12677	0.6	28.048	21.37	67
04/14/13 22:28:03.0	0	0.1221	0.6	26.28	21.3	74
04/15/13 01:28:03.0	0	0.11871	0.6	25.065	21.21	79.1
04/15/13 04:28:03.0	0	0.11574	0.6	23.641	20.82	84.1
04/15/13 07:28:03.0	0	0.11362	408.1	28.543	22.94	71.6
04/15/13 10:28:03.0	0	0.11617	861.9	35.448	20.51	41.8
04/15/13 13:28:03.0	0	0.1255	896.9	38.421	18.71	31.8
04/15/13 16:28:03.0	0	0.12889	180.6	31.586	22.54	58.7
04/15/13 19:28:03.0	0	0.12592	0.6	28.245	22.18	69.6
04/15/13 22:28:03.0	0	0.1221	0.6	26.842	22.45	76.8
04/16/13 01:28:03.0	0	0.11914	0.6	26.72	23.03	80.1
04/16/13 04:28:03.0	0	0.11617	0.6	25.501	22.39	82.8
04/16/13 07:28:03.0	0	0.11405	418.1	29.665	23.82	70.8
04/16/13 10:28:03.0	0	0.11574	956.9	35.155	22.92	49.2
04/16/13 13:28:03.0	0	0.12338	331.9	38.84	19.38	32.4
04/16/13 16:28:03.0	2.801	0.12507	166.9	31.128	22.96	61.8
04/16/13 19:28:03.0	0	0.11956	0.6	27.431	22.89	76.2
04/16/13 22:28:03.0	0	0.11489	0.6	26.451	22.62	79.4
04/17/13 01:28:03.0	0	0.1115	0.6	24.895	22.42	86
04/17/13 04:28:03.0	0	0.10895	0.6	23.448	21.74	90
04/17/13 07:28:03.0	0	0.10683	413.1	28.444	24.18	77.6
04/17/13 10:28:03.0	0	0.10938	239.4	32.562	23.16	57.7
04/17/13 13:28:03.0	0	0.11659	446.9	31.868	22.08	56.2
04/17/13 16:28:03.0	0	0.11871	68.1	30.268	22.46	63
04/17/13 19:28:03.0	0	0.11659	0.6	27.949	22.37	71.6
04/17/13 22:28:03.0	0	0.11362	0.6	26.207	22.9	81.9
04/18/13 01:28:03.0	0	0.11065	0.6	25.525	22.92	85.4
04/18/13 04:28:03.0	0	0.10895	0.6	23.833	21.79	88.2
04/18/13 07:28:03.0	0	0.10726	554.4	28.916	24.04	74.9
04/18/13 10:28:03.0	0	0.11023	706.9	33.521	23.47	55.7
04/18/13 13:28:03.0	0	0.11829	184.4	36.389	22.67	45.3
04/18/13 16:28:03.0	0	0.12041	25.6	30.091	22.24	62.8
04/18/13 19:28:03.0	0	0.11786	0.6	29.04	22.12	66.2
04/18/13 22:28:03.0	0	0.11447	0.6	27.136	22.39	75.2
04/19/13 01:28:03.0	0	0.11192	0.6	25.113	21.65	81
04/19/13 04:28:03.0	0	0.10938	0.6	24.823	21.82	83.3
04/19/13 07:28:03.0	0	0.10768	175.6	29.215	24.02	73.5
04/19/13 10:28:03.0	0	0.1098	255.6	33.105	23.29	56.4
04/19/13 13:28:03.0	0	0.11617	268.1	36.878	22.56	43.8
04/19/13 16:28:03.0	0	0.11956	24.4	31.382	22.15	58
04/19/13 19:28:03.0	0	0.11744	0.6	28.568	23.17	72.5
04/19/13 22:28:03.0	0	0.11447	0.6	27.21	22.68	76.2
04/20/13 01:28:03.0	0	0.1115	0.6	25.841	22.28	80.6
04/20/13 04:28:03.0	0	0.10895	0.6	26.036	21.61	76.5
04/20/13 07:28:03.0	2.401	0.10683	30.6	23.304	21.1	87.3
04/20/13 10:28:03.0	9.802	0.18998	364.4	26.793	23.73	83.2
04/20/13 13:28:03.0	0	0.1904	376.9	32.846	24.49	61.5
04/20/13 16:28:03.0	0.2	0.18785	43.1	28.642	23.8	75
04/20/13 19:28:03.0	0	0.18234	0.6	26.622	22.89	79.9
04/20/13 22:28:03.0	0.4	0.17937	0.6	24.532	22.67	89.2
04/21/13 01:28:03.0	0.8	0.18149	0.6	24.412	22.88	91
04/21/13 04:28:03.0	0.2	0.18107	0.6	24.581	23.15	91.6
04/21/13 07:28:03.0	14.804	0.23664	211.9	24.484	23.15	92.1
04/21/13 10:28:03.0	0	0.22009	889.4	30.571	25.21	73
04/21/13 13:28:03.0	0	0.21628	868.1	35.422	25.53	56.7
04/21/13 16:28:03.0	0	0.21203	4.4	26.965	22.55	76.7
04/21/13 19:28:03.0	0	0.20694	0.6	24.871	22.76	87.9
04/21/13 22:28:03.0	0	0.20313	0.6	24.944	22.81	87.8
04/22/13 01:28:03.0	0	0.20016	0.6	25.137	21.91	82.2
04/22/13 04:28:03.0	0	0.19761	0.6	23.761	21.27	85.8
04/22/13 07:28:03.0	0	0.19549	404.4	27.875	22.79	73.8
04/22/13 10:28:03.0	0	0.19931	925.6	34.229	23.92	55
04/22/13 13:28:03.0	0	0.20313	249.4	33.495	21.7	50.1
04/22/13 16:28:03.0	0	0.2027	30.6	30.722	22.09	60
04/22/13 19:28:03.0	0	0.19888	0.6	28.766	21.61	65.2
04/22/13 22:28:03.0	0	0.19591	0.6	27.284	19.75	63.4
04/23/13 01:28:03.0	0	0.19295	0.6	26.256	20.42	70.2
04/23/13 04:28:03.0	0	0.19125	0.6	26.085	21.07	73.8
04/23/13 07:28:03.0	0	0.18955	418.1	28.493	20.92	63.5
04/23/13 10:28:03.0	0	0.19295	573.1	34.15	21.7	48.3
04/23/13 13:28:03.0	0	0.20016	284.4	33.94	20.35	45
04/23/13 16:28:03.0	0	0.20016	14.4	28.171	22.09	69.5
04/23/13 19:28:03.0	0	0.19676	0.6	27.186	21.68	71.8
04/23/13 22:28:03.0	0	0.19379	0.6	26.5	22.44	78.3
04/24/13 01:28:03.0	0	0.19125	0.6	25.355	21.62	79.7
04/24/13 04:28:03.0	0	0.1887	0.6	25.258	21.77	80.9
04/24/13 07:28:03.0	0.2	0.18743	239.4	25.21	23.07	87.8
04/24/13 10:28:03.0	0	0.1887	243.1	29.715	23.97	71.2
04/24/13 13:28:03.0	0	0.19337	584.4	32.562	24.09	61
04/24/13 16:28:03.0	32.208	0.24385	1.9	24.363	22.41	88.7
04/24/13 19:28:03.0	3.801	0.2167	0.6	24.074	22.27	89.5
04/24/13 22:28:03.0	0.2	0.20694	0.6	24.195	22.31	89.1
04/25/13 01:28:03.0	0.2	0.20228	0.6	23.785	22.24	90.9
04/25/13 04:28:03.0	0.2	0.19846	0.6	24.002	22.27	89.9
04/25/13 07:28:03.0	0	0.19549	396.9	27.628	24.02	80.6
04/25/13 10:28:03.0	0	0.19591	861.9	33.105	24.43	60.4
04/25/13 13:28:03.0	0	0.19804	164.4	33.652	22.1	50.9
04/25/13 16:28:03.0	0	0.19507	26.9	31.535	21.74	56.1
04/25/13 19:28:03.0	0	0.1904	0.6	27.702	21.14	67.4
04/25/13 22:28:03.0	0	0.18658	0.6	25.598	21.33	77.2
04/26/13 01:28:03.0	0	0.18361	0.6	24.798	21.44	81.5
04/26/13 04:28:03.0	0	0.18107	0.6	23.761	21.27	85.8
04/26/13 07:28:03.0	0	0.17937	295.6	27.333	23.12	77.7
04/26/13 10:28:03.0	0	0.1798	278.1	31.868	23.71	62
04/26/13 13:28:03.0	0	0.18404	535.6	32.484	23.38	58.7
04/26/13 16:28:03.0	0	0.18361	26.9	29.439	23.21	69.1
04/26/13 19:28:03.0	0	0.18064	0.6	27.727	20.84	66.1
04/26/13 22:28:03.0	0	0.17725	0.6	25.914	21.17	75
04/27/13 01:28:03.0	0	0.1747	0.6	25.186	21.56	80.2
04/27/13 04:28:03.0	0	0.17258	0.6	23.521	21.01	85.7
04/27/13 07:28:03.0	0	0.17089	394.4	28.097	22.83	73
04/27/13 10:28:03.0	0	0.17343	969.4	33.704	23.22	54.3
04/27/13 13:28:03.0	0	0.17937	785.6	34.229	21.08	46.3
04/27/13 16:28:03.0	0	0.1798	116.9	33.574	20.06	45.1
04/27/13 19:28:03.0	0	0.17683	0.6	29.04	21.3	63
04/27/13 22:28:03.0	0	0.17386	0.6	27.038	21.28	70.7
04/28/13 01:28:03.0	0	0.17131	0.6	25.525	20.31	72.8
04/28/13 04:28:03.0	0	0.16877	0.6	25.695	19.42	68.2
04/28/13 07:28:03.0	0	0.16707	229.4	27.333	20.83	67.6
04/28/13 10:28:03.0	0	0.16749	284.4	28.766	21.58	65.1
04/28/13 13:28:03.0	0	0.16919	299.4	29.565	21.96	63.6
04/28/13 16:28:03.0	0	0.17004	56.9	28.642	22.25	68.3
04/28/13 19:28:03.0	0	0.16834	0.6	26.134	22.09	78.3
04/28/13 22:28:03.0	0.2	0.16622	0.6	24.629	21.91	84.7
04/29/13 01:28:03.0	0	0.1641	0.6	24.871	21.85	83.2
04/29/13 04:28:03.0	0	0.1624	0.6	24.002	21.45	85.5
04/29/13 07:28:03.0	0	0.16113	368.1	27.776	23.49	77.4
04/29/13 10:28:03.0	0	0.1624	958.1	30.343	24.64	71.5
04/29/13 13:28:03.0	0	0.16792	241.9	31.612	23.28	61.3
04/29/13 16:28:03.0	0	0.16919	58.1	29.69	22.1	63.7
04/29/13 19:28:03.0	0	0.16665	0.6	27.358	22.12	73
04/29/13 22:28:03.0	0	0.16368	0.6	25.623	22.55	83
04/30/13 01:28:03.0	0.2	0.16155	0.6	24.484	22.17	86.8
04/30/13 04:28:03.0	0.2	0.15943	0.6	23.569	21.79	89.6
04/30/13 07:28:03.0	0	0.15774	381.9	27.751	23.68	78.4
04/30/13 10:28:03.0	0	0.15943	515.6	31.179	24.25	66.6
04/30/13 13:28:03.0	0	0.16198	310.6	33.365	23.33	55.7
04/30/13 16:28:03.0	0	0.1624	54.4	29.04	22.29	66.9
04/30/13 19:28:03.0	0	0.15986	0.6	26.744	20.49	68.5
04/30/13 22:28:03.0	0	0.15689	0.6	25.258	21.3	78.6
05/01/13 01:28:03.0	0	0.15477	0.6	23.809	21.01	84.2
05/01/13 04:28:03.0	0	0.15265	0.6	22.561	20.54	88.2
05/01/13 07:28:03.0	0	0.15137	84.4	26.353	22.49	79.2
05/01/13 10:28:03.0	0	0.15265	796.9	32.253	23.3	59.2
05/01/13 13:28:03.0	0	0.15604	185.6	33.105	21.63	51
05/01/13 16:28:03.0	0	0.15689	8.1	31.179	21.64	56.9
05/01/13 19:28:03.0	0	0.15434	0.6	27.235	21.19	69.5
05/01/13 22:28:03.0	0	0.1518	0.6	26.036	21.57	76.3
05/02/13 01:28:03.0	0	0.14968	0.6	24.774	21.28	80.8
05/02/13 04:28:03.0	0	0.14756	0.6	22.992	20.57	86.1
05/02/13 07:28:03.0	0	0.14628	270.6	28.097	23.23	74.8
05/02/13 10:28:03.0	0	0.14756	311.9	32.227	21.94	54.6
05/02/13 13:28:03.0	0	0.1535	819.4	35.529	22.15	46
05/02/13 16:28:03.0	0	0.15477	35.6	32.201	19.75	47.8
05/02/13 19:28:03.0	0	0.1518	0.6	28.444	19.24	57.4
05/02/13 22:28:03.0	0	0.14883	0.6	26.231	19.47	66.3
05/03/13 01:28:03.0	0	0.14628	0.6	24.363	18.77	70.9
05/03/13 04:28:03.0	0	0.14374	0.6	23.761	19.41	76.5
05/03/13 07:28:03.0	0	0.14162	354.4	27.949	21.15	66.5
05/03/13 10:28:03.0	0	0.14247	824.4	34.019	21.95	49.4
05/03/13 13:28:03.0	0	0.15095	889.4	35.797	19.36	38.2
05/03/13 16:28:03.0	0	0.15137	46.9	32.82	18.42	42.5
05/03/13 19:28:03.0	0	0.14883	0.6	28.866	19.69	57.6
05/03/13 22:28:03.0	0	0.14586	0.6	26.353	19.95	67.8
05/04/13 01:28:03.0	0	0.14247	0.6	24.219	18.81	71.7
05/04/13 04:28:03.0	0	0.13992	0.6	21.032	17.69	81.1
05/04/13 07:28:03.0	0	0.1378	396.9	27.825	21.21	67.2
05/04/13 10:28:03.0	0	0.13907	805.6	33.914	19.74	43.4
05/04/13 13:28:03.0	0	0.14713	289.4	35.797	18.98	37.3
05/04/13 16:28:03.0	0	0.1484	49.4	32.536	18.87	44.4
05/04/13 19:28:03.0	0	0.14586	0.6	28.518	19.88	59.5
05/04/13 22:28:03.0	0	0.14289	0.6	27.456	18.62	58.5
05/05/13 01:28:03.0	0	0.14035	0.6	26.5	18.83	62.7
05/05/13 04:28:03.0	0	0.13822	0.6	26.402	18.94	63.5
05/05/13 07:28:03.0	0	0.13653	169.4	28.147	20.31	62.4
05/05/13 10:28:03.0	0	0.13653	784.4	34.545	21.82	47.6
05/05/13 13:28:03.0	0	0.14035	306.9	33.6	20.54	46.4
05/05/13 16:28:03.0	0	0.14077	16.9	30.9	19.19	49.7
05/05/13 19:28:03.0	0	0.13907	0.6	26.378	21.06	72.5
05/05/13 22:28:03.0	0	0.13653	0.6	24.75	21.07	79.9
05/06/13 01:28:03.0	0	0.13398	0.6	24.798	20.52	77
05/06/13 04:28:03.0	0	0.13186	0.6	22.729	19.74	83.1
05/06/13 07:28:03.0	0	0.13016	216.9	27.949	21.03	66
05/06/13 10:28:03.0	0	0.13101	954.4	34.045	21.67	48.5
05/06/13 13:28:03.0	0	0.13865	759.4	35.931	19.52	38.3
05/06/13 16:28:03.0	0	0.14035	38.1	33.209	19	43.1
05/06/13 19:28:03.0	0	0.1378	0.6	29.015	20.78	61.1
05/06/13 22:28:03.0	0	0.13483	0.6	26.085	20.33	70.5
05/07/13 01:28:03.0	0	0.13229	0.6	24.895	20.59	76.9
05/07/13 04:28:03.0	0	0.13016	0.6	24.436	20.95	80.8
05/07/13 07:28:03.0	0	0.12847	261.9	28.072	22.89	73.4
05/07/13 10:28:03.0	0	0.12889	828.1	33.783	22.09	50.5
05/07/13 13:28:03.0	0	0.13525	355.6	35.342	20.72	42.6
05/07/13 16:28:03.0	0	0.13568	28.1	33.548	19.26	43
05/07/13 19:28:03.0	0	0.13356	0.6	29.29	21.62	63.3
05/07/13 22:28:03.0	0	0.13101	0.6	27.038	21.67	72.4
05/08/13 01:28:03.0	0	0.12889	0.6	25.695	21.79	78.9
05/08/13 04:28:03.0	0	0.12677	0.6	24.508	21.36	82.5
05/08/13 07:28:03.0	0	0.12465	263.1	27.825	23.14	75.6
05/08/13 10:28:03.0	0	0.12507	874.4	34.995	23.2	50.5
05/08/13 13:28:03.0	0	0.13186	803.1	37.261	21.53	40.3
05/08/13 16:28:03.0	0	0.13313	19.4	32.587	20.34	48.5
05/08/13 19:28:03.0	0	0.13059	0.6	28.593	21.77	66.5
05/08/13 22:28:03.0	0	0.12804	0.6	26.965	22.59	76.9
05/09/13 01:28:03.0	0	0.12592	0.6	26.109	22.27	79.3
05/09/13 04:28:03.0	0	0.1238	0.6	25.283	21.94	81.6
05/09/13 07:28:03.0	0	0.1221	333.1	29.24	23.6	71.6
05/09/13 10:28:03.0	0	0.12338	860.6	34.942	23.48	51.5
05/09/13 13:28:03.0	0	0.12932	215.6	36.335	20.95	40.9
05/09/13 16:28:03.0	0	0.13016	20.6	32.484	21.32	51.8
05/09/13 19:28:03.0	0	0.12762	0.6	27.998	21.08	66
05/09/13 22:28:03.0	0	0.12507	0.6	26.646	21.39	72.8
05/10/13 01:28:03.0	0	0.12295	0.6	25.963	21.73	77.4
05/10/13 04:28:03.0	0	0.12083	0.6	24.871	20.98	78.9
05/10/13 07:28:03.0	0	0.11914	308.1	27.628	21.83	70.6
05/10/13 10:28:03.0	0	0.11956	783.1	34.045	22.36	50.6
05/10/13 13:28:03.0	0	0.12592	743.1	36.092	20.61	40.6
05/10/13 16:28:03.0	0	0.1272	56.9	34.176	18.63	39.9
05/10/13 19:28:03.0	0	0.12465	0.6	28.493	19.17	57
05/10/13 22:28:03.0	0	0.1221	0.6	26.085	20.19	69.9
05/11/13 01:28:03.0	0	0.11956	0.6	24.847	20.37	76.1
05/11/13 04:28:03.0	0	0.11744	0.6	23.569	20.02	80.4
05/11/13 07:28:03.0	0	0.11532	298.1	27.505	21.94	71.6
05/11/13 10:28:03.0	0	0.11574	821.9	34.255	22.03	49
05/11/13 13:28:03.0	0	0.1221	185.6	35.342	19.7	40
05/11/13 16:28:03.0	0	0.1238	56.9	33.365	20.22	46.1
05/11/13 19:28:03.0	0	0.12168	0.6	28.295	21.7	67.4
05/11/13 22:28:03.0	0	0.11914	0.6	26.5	21.38	73.4
05/12/13 01:28:03.0	0	0.11659	0.6	25.065	20.82	77.2
05/12/13 04:28:03.0	0	0.11447	0.6	24.291	19.86	76.2
05/12/13 07:28:03.0	0	0.11235	303.1	28.27	20.55	62.9
05/12/13 10:28:03.0	0	0.11277	799.4	34.969	20.91	44
05/12/13 13:28:03.0	0	0.11956	824.4	36.824	18.77	34.8
05/12/13 16:28:03.0	0	0.12126	20.6	33.157	17.92	40.4
05/12/13 19:28:03.0	0	0.11871	0.6	28.99	19.97	58.2
05/12/13 22:28:03.0	0	0.11617	0.6	26.671	20.42	68.5
05/13/13 01:28:03.0	0	0.11362	0.6	25.234	19.87	72.1
05/13/13 04:28:03.0	0	0.1115	0.6	24.46	19.59	74.2
05/13/13 07:28:03.0	0	0.10938	363.1	27.899	21.25	67.1
05/13/13 10:28:03.0	0	0.1098	815.6	34.466	21.68	47.4
05/13/13 13:28:03.0	0	0.11617	304.4	35.102	20.43	42.4
05/13/13 16:28:03.0	0	0.11659	14.4	30.394	21.17	57.8
05/13/13 19:28:03.0	0	0.11489	0.6	26.378	21.88	76.2
05/13/13 22:28:03.0	0	0.11235	0.6	24.871	22.38	85.9
05/14/13 01:28:03.0	0	0.1098	0.6	25.963	21.77	77.6
05/14/13 04:28:03.0	0	0.10811	0.6	25.768	21.56	77.5
05/14/13 07:28:03.0	0	0.10683	198.1	27.333	21.89	72.1
05/14/13 10:28:03.0	0	0.10726	459.4	32.098	22.73	57.7
05/14/13 13:28:03.0	0	0.1098	140.6	28.642	22.2	68.1
05/14/13 16:28:03.0	1.8	0.1098	18.1	23.28	21.12	87.5
05/14/13 19:28:03.0	6.802	0.11447	0.6	22.417	20.72	90
05/14/13 22:28:03.0	0.2	0.11574	0.6	22.25	19.97	86.8
05/15/13 01:28:03.0	0.2	0.11617	0.6	22.561	20.61	88.6
05/15/13 04:28:03.0	0	0.11617	0.6	23.208	21.45	89.7
05/15/13 07:28:03.0	0	0.11659	150.6	25.793	22.27	80.8
05/15/13 10:28:03.0	0	0.12083	568.1	30.925	23.19	63.4
05/15/13 13:28:03.0	0	0.12762	543.1	34.071	22.39	50.6
05/15/13 16:28:03.0	0	0.12804	25.6	31.663	20.59	51.9
05/15/13 19:28:03.0	0	0.1255	0.6	27.259	20.88	68.1
05/15/13 22:28:03.0	0	0.12253	0.6	25.137	20.85	77
05/16/13 01:28:03.0	0	0.12041	0.6	23.978	21	83.3
05/16/13 04:28:03.0	0	0.11871	0.6	22.298	19.81	85.7
05/16/13 07:28:03.0	0	0.11744	290.6	27.063	22.69	76.9
05/16/13 10:28:03.0	0	0.12168	615.6	31.893	22.94	59.1
05/16/13 13:28:03.0	0	0.12677	360.6	33.027	22.28	53.3
05/16/13 16:28:03.0	0	0.1272	24.4	30.9	21.81	58.4
05/16/13 19:28:03.0	0	0.12507	0.6	27.949	21.85	69.4
05/16/13 22:28:03.0	0	0.12253	0.6	25.598	21.84	79.6
05/17/13 01:28:03.0	0	0.11998	0.6	24.026	20.93	82.7
05/17/13 04:28:03.0	0	0.11786	0.6	22.585	20.45	87.6
05/17/13 07:28:03.0	0	0.11701	300.6	28.196	23.3	74.7
05/17/13 10:28:03.0	0	0.12041	376.9	31.204	24.17	66.2
05/17/13 13:28:03.0	0	0.12762	275.6	35.475	23.84	51.1
05/17/13 16:28:03.0	0	0.12932	9.4	26.061	22.06	78.5
05/17/13 19:28:03.0	0.8	0.1255	0.6	26.158	22.89	82.1
05/17/13 22:28:03.0	0	0.12168	0.6	25.089	22.1	83.4
05/18/13 01:28:03.0	0	0.11956	0.6	24.968	22.47	85.9
05/18/13 04:28:03.0	1.2	0.11786	0.6	24.195	22.2	88.5
05/18/13 07:28:03.0	1.2	0.11701	65.6	24.774	23.16	90.6
05/18/13 10:28:03.0	0.8	0.11998	116.9	25.939	23.69	87.3
