temp_esta	temp_solo	TC_ano2	TC_ano1
25.00	61.50	47.50	45.50
25.00	61.50	48.50	47.00
25.00	61.50	50.50	50.50
26.00	61.50	51.00	52.50
26.00	61.50	51.50	47.50
26.00	61.50	52.50	48.50
26.00	61.50	52.50	56.50
26.00	61.50	53.50	40.00
27.00	61.50	58.50	53.00
27.00	61.50	44.50	57.00
27.00	61.50	54.50	42.00
27.00	61.50	58.50	43.00
27.00	46.00	47.00	48.00
27.00	46.00	47.50	48.00
27.00	46.00	48.00	48.50
27.00	46.00	48.50	49.00
27.00	46.00	49.00	49.00
27.00	46.00	50.00	49.50
27.00	46.00	51.00	50.00
27.00	46.00	53.00	50.50
27.00	46.00	51.50	51.00
27.00	46.00	52.50	51.00
27.00	46.00	53.50	51.50
27.00	46.00	54.00	46.50
27.00	46.00	54.00	52.50
27.00	46.00	54.50	55.50
27.00	46.00	65.00	55.50
27.00	46.00	45.50	55.50
27.00	46.00	45.50	56.50
28.00	46.00	47.50	56.50
28.00	46.00	47.50	56.50
28.00	46.00	49.50	57.00
28.00	46.00	49.50	57.00
28.00	46.00	50.50	58.00
28.00	46.00	52.00	60.50
28.00	46.00	52.00	36.50
28.00	46.00	52.00	38.00
28.00	46.00	52.00	45.50
28.00	46.00	52.50	38.00
28.00	46.00	60.00	45.50
28.00	46.00	60.00	47.00
28.00	46.00	60.00	49.00
28.00	46.00	41.50	53.50
28.00	46.00	44.00	54.50
28.00	46.00	45.00	55.00
28.00	46.00	45.00	55.50
28.00	46.00	45.50	55.50
28.00	46.00	46.00	55.50
28.00	46.00	45.50	57.50
28.00	46.00	47.00	58.50
28.00	46.00	48.50	58.50
28.00	46.00	49.50	59.50
28.00	46.00	49.50	60.00
28.00	46.00	50.50	46.50
28.00	46.00	51.50	54.50
28.00	46.00	52.00	54.50
28.00	46.00	53.00	56.00
28.00	46.00	53.00	58.50
28.00	46.00	53.50	58.50
28.00	46.00	41.50	59.50
28.00	46.00	43.00	61.00
28.00	46.00	44.50	61.50
28.00	46.00	44.50	61.50
28.00	46.00	48.00	62.00
28.00	46.00	48.50	62.00
28.00	46.00	60.50	46.50
28.00	46.00	48.50	46.50
28.00	46.00	51.00	52.50
28.00	46.00	51.50	53.50
28.00	46.00	54.00	55.50
28.00	35.00	43.50	59.50
28.00	35.00	46.00	60.00
28.00	35.00	48.50	44.50
28.00	35.00	48.50	54.50
28.00	35.00	48.50	56.50
28.00	35.00	51.00	56.50
28.00	35.00	52.00	57.50
28.00	35.00	53.00	57.50
28.00	35.00	53.00	58.00
28.00	35.00	54.50	59.50
28.00	35.00	46.50	42.50
28.00	35.00	46.50	48.50
28.00	35.00	46.50	52.00
29.00	35.00	51.50	54.50
29.00	35.00	52.00	43.00
29.00	35.00	52.00	44.00
29.00	35.00	52.50	44.50
29.00	35.00	52.00	52.50
29.00	35.00	52.00	53.50
29.00	35.00	52.00	53.50
29.00	35.00	43.00	55.00
29.00	35.00	43.50	48.50
29.00	35.00	46.00	49.00
29.00	35.00	50.50	50.50
29.00	35.00	51.00	52.50
29.00	35.00	53.50	54.50
29.00	35.00	53.50	54.00
29.00	35.00	54.50	54.50
29.00	35.00	55.50	54.00
29.00	35.00	55.50	55.50
29.00	35.00	35.00	55.50
29.00	35.00	43.00	56.00
29.00	35.00	47.00	56.50
29.00	35.00	49.50	59.50
29.00	35.00	49.50	47.50
29.00	35.00	50.00	49.50
29.00	35.00	51.50	49.50
29.00	35.00	53.00	49.50
29.00	35.00	52.50	51.50
29.00	35.00	54.50	53.50
29.00	35.00	54.00	54.50
29.00	35.00	54.50	55.50
29.00	35.00	55.00	55.50
29.00	31.50	38.00	55.50
29.00	31.50	46.00	63.00
29.00	31.50	46.00	48.50
29.00	31.50	46.50	50.50
29.00	31.50	48.00	51.50
29.00	31.50	48.50	54.50
29.00	31.50	48.50	54.50
29.00	31.50	50.50	54.50
29.00	31.50	50.50	54.50
29.00	31.50	51.00	55.50
29.00	31.50	52.00	54.50
29.00	31.50	53.00	55.50
29.00	31.50	53.00	56.50
29.00	31.50	53.00	52.50
29.00	31.50	56.50	53.50
29.00	31.50	55.50	53.00
29.00	31.50	57.50	53.50
29.00	31.50	44.00	54.50
29.00	31.50	45.00	54.50
29.00	31.50	47.00	54.50
29.00	31.50	47.50	54.50
29.00	31.50	47.50	55.50
29.00	31.50	48.00	56.50
29.00	31.50	49.00	56.50
29.00	31.50	50.50	57.00
29.00	31.50	51.50	58.00
29.00	31.50	52.50	43.00
29.00	31.50	54.50	43.00
29.00	31.50	55.50	44.00
29.00	31.50	55.50	49.50
29.00	31.50	46.50	50.50
29.00	31.50	47.00	51.50
29.00	31.50	47.00	52.50
29.00	31.50	47.00	52.50
29.00	31.50	47.50	52.50
29.00	31.50	49.00	53.00
29.00	31.50	51.00	54.50
29.00	31.50	52.00	54.50
29.00	31.50	52.00	44.50
29.00	31.50	52.50	48.00
29.00	31.50	51.00	48.50
29.00	31.50	55.00	49.00
29.00	31.50	55.00	49.00
29.00	34.00	38.50	49.50
29.00	34.00	45.50	50.50
29.00	34.00	45.50	50.50
29.00	34.00	46.00	51.00
29.00	34.00	49.50	52.00
29.00	34.00	49.50	53.50
29.00	34.00	49.50	53.50
29.00	34.00	49.50	54.50
29.00	34.00	50.00	54.50
29.00	34.00	50.00	44.00
29.00	34.00	50.00	49.00
29.00	34.00	50.50	49.50
29.00	34.00	50.00	49.50
30.00	34.00	51.00	49.50
30.00	34.00	51.00	49.50
30.00	34.00	52.00	50.50
30.00	34.00	53.00	51.50
30.00	34.00	49.00	51.50
30.00	34.00	49.00	51.50
30.00	34.00	50.00	52.50
30.00	34.00	50.00	53.50
30.00	34.00	50.00	54.50
30.00	34.00	50.00	56.50
30.00	34.00	51.00	36.50
30.00	34.00	53.00	42.50
30.00	34.00	52.50	44.50
30.00	34.00	53.00	48.00
30.00	34.00	54.00	49.00
30.00	34.00	54.00	49.50
30.00	34.00	54.00	50.50
30.00	34.00	55.00	52.50
30.00	34.00	38.50	53.50
30.00	34.00	47.00	53.50
30.00	34.00	47.00	54.50
30.00	34.00	47.00	55.50
30.00	34.00	49.00	40.00
30.00	34.00	49.00	40.50
30.00	34.00	49.00	52.50
30.00	34.00	50.00	53.50
30.00	34.00	50.00	53.00
30.00	34.00	50.00	54.50
30.00	34.00	51.00	54.50
30.00	34.00	51.00	54.50
30.00	34.00	41.00	40.50
30.00	34.00	42.00	41.50
30.00	34.00	43.00	46.50
30.00	34.00	43.00	48.50
30.00	34.00	45.00	48.50
30.00	34.00	45.00	49.50
30.00	34.00	47.00	50.00
30.00	34.00	47.00	50.50
30.00	34.00	47.00	51.00
30.00	34.00	47.00	51.00
30.00	34.00	47.00	51.00
30.00	34.00	48.00	51.00
30.00	34.00	48.00	52.00
30.00	34.00	50.50	53.00
30.00	34.00	56.00	53.00
30.00	34.00	40.00	54.50
30.00	34.00	42.50	54.50
30.00	34.00	43.00	54.50
30.00	34.00	47.00	51.00
30.00	34.00	47.00	55.50
30.00	34.00	47.50	56.00
30.00	34.00	47.50	56.00
30.00	34.00	49.00	55.50
30.00	34.00	49.00	56.00
30.00	34.00	49.00	49.50
30.00	34.00	49.00	50.00
30.00	34.00	49.00	51.00
30.00	34.00	49.00	50.50
30.00	34.00	51.00	51.00
30.00	34.00	51.00	53.50
30.00	34.00	51.00	54.50
30.00	34.00	48.50	54.50
30.00	34.00	55.50	55.00
30.00	34.00	44.00	57.50
30.00	34.00	44.00	58.50
30.00	34.00	44.00	58.50
30.00	34.00	45.00	58.50
30.00	34.00	47.00	54.50
30.00	34.00	47.00	55.00
30.00	34.00	48.00	57.50
30.00	34.00	48.00	58.00
30.00	34.00	49.00	63.00
30.00	34.00	49.00	51.50
30.00	34.00	47.00	51.50
30.00	34.00	47.50	52.50
30.00	34.00	47.50	52.50
30.00	34.00	47.00	52.50
30.00	34.00	43.00	53.50
30.00	34.00	43.00	53.50
30.00	34.00	43.00	53.50
30.00	34.00	44.00	53.50
30.00	34.00	43.00	55.50
30.00	34.00	44.00	55.50
30.00	34.00	45.00	59.00
30.00	34.00	45.00	58.50
30.00	34.00	45.00	59.00
30.00	34.00	45.00	61.00
30.00	34.00	45.50	62.00
30.00	34.00	45.50	37.00
30.00	34.00	46.00	39.00
30.00	34.00	46.00	39.00
30.00	34.00	47.00	40.00
30.00	34.00	47.00	40.50
30.00	34.00	47.00	41.50
30.00	34.00	47.00	49.00
30.00	34.00	47.50	49.00
30.00	34.00	47.50	50.50
30.00	34.00	41.00	52.00
30.00	34.00	41.00	53.50
30.00	34.00	41.00	54.00
30.00	34.00	45.50	56.50
30.00	34.00	45.50	57.00
30.00	34.00	45.50	58.50
30.00	34.00	45.50	58.00
30.00	34.00	45.50	48.50
30.00	34.00	45.50	49.00
30.00	34.00	45.50	51.50
30.00	34.00	45.50	52.50
30.00	34.00	45.50	53.50
30.00	34.00	45.50	53.50
30.00	34.00	46.00	53.50
30.00	34.00	45.50	53.50
30.00	34.00	51.00	54.50
30.00	34.00	51.00	54.50
30.00	34.00	47.00	55.00
30.00	34.00	54.00	55.50
30.00	34.00	53.00	55.50
30.00	34.00	53.00	55.50
30.00	34.00	51.00	55.50
30.00	34.00	51.00	56.00
30.00	34.00	53.00	56.50
30.00	34.00	55.00	58.50
30.00	34.00	54.00	60.50
30.00	34.00	54.00	48.00
30.00	49.50	41.00	52.50
30.00	49.50	44.50	52.50
30.00	49.50	44.50	52.50
30.00	49.50	45.50	53.00
30.00	49.50	45.50	54.50
30.00	49.50	45.50	54.50
30.00	49.50	46.50	54.50
30.00	49.50	46.50	55.00
30.00	49.50	46.50	55.50
30.00	49.50	47.00	55.50
30.00	49.50	47.00	57.50
30.00	49.50	47.00	57.50
30.00	49.50	48.00	57.50
30.00	49.50	48.00	57.50
30.00	49.50	51.00	57.50
30.00	49.50	57.50	58.50
30.00	49.50	41.50	59.50
30.00	49.50	42.00	60.00
30.00	49.50	42.50	60.50
30.00	49.50	43.00	60.50
30.00	49.50	44.00	61.00
30.00	49.50	44.50	61.50
30.00	49.50	45.00	62.00
30.00	49.50	45.00	55.50
30.00	49.50	46.00	57.50
30.00	49.50	46.00	60.50
30.00	49.50	46.00	61.50
30.00	49.50	46.50	61.50
30.00	49.50	47.00	47.50
30.00	49.50	47.00	52.00
30.00	49.50	47.00	53.50
30.00	49.50	47.00	54.50
30.00	49.50	48.00	54.50
30.00	49.50	48.00	55.50
30.00	49.50	48.00	56.00
30.00	49.50	48.00	56.00
30.00	49.50	45.00	56.00
30.00	49.50	45.00	57.50
31.00	49.50	39.00	58.00
31.00	49.50	42.50	58.00
31.00	49.50	48.00	58.50
31.00	49.50	50.00	58.50
31.00	49.50	55.00	58.50
31.00	49.50	55.00	58.50
31.00	49.50	57.00	59.50
31.00	49.50	37.50	59.50
31.00	49.50	41.50	59.50
31.00	49.50	41.50	59.50
31.00	49.50	46.00	59.50
31.00	49.50	50.00	52.50
31.00	49.50	55.00	52.50
31.00	39.20	43.00	53.00
31.00	39.20	52.50	55.00
31.00	39.20	55.00	54.00
31.00	39.20	55.00	53.50
31.00	39.20	55.00	54.50
31.00	39.20	55.00	56.00
31.00	39.20	55.00	48.50
31.00	39.20	55.00	50.00
31.00	39.20	54.50	52.50
31.00	39.20	55.00	53.50
31.00	39.20	55.00	55.50
31.00	39.20	55.00	57.50
31.00	39.20	55.50	60.50
31.00	39.20	53.50	51.50
31.00	39.20	53.50	56.00
31.00	39.20	54.00	57.50
31.00	39.20	52.50	57.50
31.00	39.20	41.50	59.50
31.00	39.20	45.50	58.50
31.00	39.20	47.00	59.50
31.00	39.20	49.00	60.00
31.00	39.20	50.00	60.00
31.00	39.20	51.00	60.50
31.00	39.20	51.00	61.50
31.00	39.20	52.00	63.00
31.00	39.20	53.00	63.00
31.00	39.20	42.50	53.00
31.00	39.20	44.00	54.50
31.00	39.20	46.00	58.00
31.00	39.20	48.00	58.50
31.00	39.20	48.00	58.50
31.00	39.20	48.00	59.00
31.00	39.20	48.00	59.00
31.00	39.20	48.00	61.50
31.00	39.20	48.50	61.50
31.00	39.20	51.00	63.00
31.00	39.20	51.00	49.50
31.00	39.20	51.00	49.50
31.00	39.20	51.00	54.50
31.00	39.20	51.50	55.50
31.00	39.20	51.50	55.50
31.00	39.20	51.50	58.00
31.00	50.70	45.50	58.00
31.00	50.70	45.50	58.00
31.00	50.70	47.00	58.00
31.00	50.70	47.00	58.50
31.00	50.70	47.50	58.50
31.00	50.70	48.50	58.50
31.00	50.70	48.50	58.50
31.00	50.70	49.00	58.50
31.00	50.70	53.00	59.50
31.00	50.70	53.00	46.00
31.00	50.70	53.00	53.00
31.00	50.70	53.00	54.50
31.00	50.70	53.00	55.00
31.00	50.70	52.50	59.00
31.00	50.70	54.00	59.00
31.00	50.70	54.00	54.50
31.00	50.70	54.00	54.50
31.00	50.70	54.00	54.50
31.00	50.70	54.50	56.50
31.00	50.70	54.00	57.50
31.00	50.70	54.50	57.50
31.00	50.70	54.50	58.50
31.00	50.70	65.00	59.00
31.00	50.70	45.50	59.50
31.00	50.70	45.50	60.00
31.00	50.70	48.00	60.50
31.00	50.70	49.00	61.50
31.00	50.70	49.00	59.50
31.00	50.70	54.00	59.50
31.00	50.70	50.00	59.50
31.00	50.70	50.00	59.50
31.00	50.70	50.00	59.50
31.00	50.70	50.00	59.50
31.00	50.70	50.00	59.50
31.00	50.70	52.00	59.50
31.00	50.70	53.00	59.50
31.00	50.70	53.00	62.00
31.00	50.70	53.00	62.00
31.00	50.70	51.00	62.00
31.00	50.70	51.00	62.00
31.00	50.70	51.00	62.00
31.00	50.70	51.50	62.00
31.00	50.70	51.50	61.50
31.00	50.70	51.50	61.00
31.00	50.70	51.50	62.00
31.00	50.70	52.50	52.50
31.00	50.70	52.50	56.00
31.00	50.70	46.00	56.00
31.00	50.70	46.50	63.00
31.00	50.70	50.00	50.00
31.00	50.70	50.00	50.50
31.00	50.70	51.00	51.00
31.00	50.70	52.00	51.00
31.00	50.70	53.00	51.00
31.00	50.70	55.00	53.50
31.00	50.70	55.00	53.50
31.00	50.70	55.00	53.50
31.00	50.70	55.00	53.50
31.00			52.50
31.00			54.00
31.00			54.00
31.00			54.00
31.00			54.50
31.00			54.50
31.00			56.00
31.00			53.00
31.00			53.00
31.00			53.00
31.00			53.00
31.00			53.00
31.00			54.00
31.00			54.00
31.00			54.00
31.00			55.50
31.00			55.50
31.00			55.50
31.00			55.50
31.00			56.00
31.00			55.50
31.00			55.50
31.00			55.50
31.00			55.50
31.00			55.50
31.00			59.00
31.00			59.00
31.00			59.00
31.00			59.50
31.00			59.50
31.00			60.50
31.00			48.50
31.00			48.50
31.00			48.50
31.00			49.50
31.00			49.50
31.00			49.50
31.00			49.50
31.00			50.50
31.00			50.50
31.00			50.50
31.00			50.50
31.00			50.50
31.00			51.50
31.00			51.50
31.00			52.00
31.00			52.50
31.00			52.50
31.00			52.50
31.00			52.50
31.00			53.00
31.00			52.50
31.00			52.50
31.00			53.50
32.00			53.50
32.00			53.00
32.00			53.50
32.00			54.50
32.00			54.50
32.00			54.50
32.00			54.50
32.00			54.50
32.00			
32.00			
32.00			
32.00			
32.00			
32.00			
32.00			
32.00			
32.00			
32.00			
32.00			
32.00			
32.00			
32.00			
32.00			
32.00			
32.00			
32.00			
32.00			
32.00			
32.00			
32.00			
32.00			
32.00			
32.00			
32.00			
32.00			
32.00			
32.00			
32.00			
32.00			
32.00			
32.00			
32.00			
32.00			
32.00			
32.00			
32.00			
32.00			
32.00			
32.00			
32.00			
32.00			
32.00			
32.00			
32.00			
32.00			
32.00			
32.00			
32.00			
32.00			
32.00			
32.00			
32.00			
32.00			
32.00			
32.00			
32.00			
32.00			
32.00			
32.00			
32.00			
32.00			
32.00			
32.00			
32.00			
32.00			
32.00			
32.00			
32.00			
32.00			
32.00			
32.00			
32.00			
32.00			
32.00			
32.00			
32.00			
32.00			
32.00			
32.00			
32.00			
32.00			
32.00			
32.00			
32.00			
32.00			
32.00			
32.00			
32.00			
32.00			
32.00			
32.00			
32.00			
32.00			
32.00			
32.00			
32.00			
32.00			
32.00			
32.00			
32.00			
32.00			
32.00			
32.00			
32.00			
32.00			
32.00			
32.00			
32.00			
32.00			
32.00			
32.00			
32.00			
32.00			
32.00			
32.00			
32.00			
32.00			
32.00			
32.00			
32.00			
32.00			
32.00			
32.00			
32.00			
32.00			
32.00			
32.00			
32.00			
32.00			
32.00			
32.00			
32.00			
33.00			
33.00			
33.00			
33.00			
33.00			
33.00			
33.00			
33.00			
33.00			
33.00			
33.00			
33.00			
33.00			
33.00			
33.00			
33.00			
33.00			
33.00			
33.00			
33.00			
33.00			
33.00			
33.00			
33.00			
33.00			
33.00			
33.00			
33.00			
33.00			
33.00			
33.00			
33.00			
33.00			
33.00			
33.00			
33.00			
33.00			
33.00			
33.00			
33.00			
33.00			
33.00			
33.00			
33.00			
33.00			
33.00			
33.00			
33.00			
33.00			
33.00			
33.00			
33.00			
33.00			
33.00			
33.00			
33.00			
33.00			
33.00			
33.00			
33.00			
33.00			
33.00			
33.00			
33.00			
33.00			
33.00			
33.00			
33.00			
33.00			
33.00			
33.00			
33.00			
33.00			
33.00			
33.00			
33.00			
33.00			
33.00			
33.00			
33.00			
33.00			
33.00			
33.00			
33.00			
33.00			
33.00			
33.00			
33.00			
33.00			
33.00			
33.00			
33.00			
33.00			
33.00			
33.00			
33.00			
33.00			
33.00			
33.00			
33.00			
33.00			
33.00			
33.00			
33.00			
33.00			
33.00			
33.00			
33.00			
33.00			
33.00			
33.00			
33.00			
33.00			
33.00			
33.00			
33.00			
33.00			
33.00			
33.00			
33.00			
33.00			
33.00			
33.00			
33.00			
33.00			
33.00			
33.00			
33.00			
33.00			
33.00			
33.00			
33.00			
33.00			
33.00			
33.00			
33.00			
33.00			
33.00			
33.00			
33.00			
33.00			
33.00			
33.00			
33.00			
33.00			
33.00			
33.00			
33.00			
33.00			
33.00			
33.00			
33.00			
33.00			
33.00			
33.00			
33.00			
33.00			
33.00			
33.00			
33.00			
33.00			
33.00			
33.00			
33.00			
33.00			
33.00			
33.00			
33.00			
33.00			
33.00			
33.00			
33.00			
33.00			
33.00			
33.00			
33.00			
33.00			
33.00			
33.00			
33.00			
33.00			
33.00			
33.00			
33.00			
33.00			
34.00			
34.00			
34.00			
34.00			
34.00			
34.00			
34.00			
34.00			
34.00			
34.00			
34.00			
34.00			
34.00			
34.00			
34.00			
34.00			
34.00			
34.00			
34.00			
34.00			
34.00			
34.00			
34.00			
34.00			
34.00			
34.00			
34.00			
34.00			
34.00			
34.00			
34.00			
34.00			
34.00			
34.00			
34.00			
34.00			
34.00			
34.00			
34.00			
34.00			
34.00			
34.00			
34.00			
34.00			
34.00			
34.00			
34.00			
34.00			
34.00			
34.00			
34.00			
34.00			
34.00			
34.00			
34.00			
34.00			
34.00			
34.00			
34.00			
34.00			
34.00			
34.00			
34.00			
34.00			
34.00			
34.00			
34.00			
34.00			
34.00			
34.00			
34.00			
34.00			
34.00			
34.00			
34.00			
34.00			
34.00			
34.00			
34.00			
34.00			
34.00			
34.00			
34.00			
34.00			
34.00			
34.00			
34.00			
34.00			
34.00			
34.00			
34.00			
34.00			
34.00			
34.00			
34.00			
34.00			
34.00			
34.00			
34.00			
34.00			
34.00			
34.00			
34.00			
34.00			
34.00			
34.00			
34.00			
34.00			
34.00			
34.00			
34.00			
34.00			
34.00			
35.00			
35.00			
35.00			
35.00			
35.00			
35.00			
35.00			
35.00			
35.00			
35.00			
35.00			
35.00			
35.00			
35.00			
35.00			
35.00			
35.00			
35.00			
35.00			
35.00			
35.00			
35.00			
35.00			
35.00			
35.00			
35.00			
35.00			
35.00			
35.00			
35.00			
35.00			
35.00			
35.00			
35.00			
35.00			
35.00			
35.00			
35.00			
35.00			
35.00			
35.00			
35.00			
35.00			
35.00			
35.00			
35.00			
35.00			
35.00			
35.00			
35.00			
35.00			
35.00			
35.00			
35.00			
35.00			
35.00			
35.00			
35.00			
35.00			
35.00			
35.00			
35.00			
35.00			
35.00			
35.00			
35.00			
35.00			
35.00			
35.00			
35.00			
35.00			
35.00			
35.00			
35.00			
35.00			
35.00			
35.00			
35.00			
35.00			
35.00			
36.00			
36.00			
36.00			
36.00			
36.00			
36.00			
36.00			
36.00			
36.00			
36.00			
36.00			
36.00			
36.00			
36.00			
36.00			
36.00			
36.00			
36.00			
36.00			
37.00			
37.00			
23.2			
23.4			
23.6			
23.7			
23.7			
23.7			
23.8			
24.1			
24.2			
24.3			
24.4			
24.5			
24.6			
24.7			
24.8			
24.8			
24.9			
24.9			
24.9			
24.9			
25.1			
25.1			
25.1			
25.2			
25.3			
25.3			
25.4			
25.4			
25.4			
25.5			
25.6			
25.6			
25.6			
25.7			
25.8			
25.8			
25.8			
25.8			
25.9			
25.9			
25.9			
25.9			
25.9			
26.1			
26.1			
26.1			
26.2			
26.2			
26.2			
26.2			
26.2			
26.2			
26.2			
26.3			
26.3			
26.3			
26.4			
26.4			
26.4			
26.4			
26.4			
26.4			
26.4			
26.4			
26.4			
26.4			
26.5			
26.5			
26.6			
26.6			
26.6			
26.6			
26.6			
26.6			
26.6			
26.6			
26.6			
26.6			
26.6			
26.6			
26.6			
26.6			
26.6			
26.7			
26.7			
26.7			
26.7			
26.7			
26.7			
26.7			
26.7			
26.7			
26.8			
26.8			
26.8			
26.8			
26.8			
26.8			
26.8			
26.8			
26.8			
26.8			
26.8			
26.8			
26.8			
26.8			
26.8			
26.8			
26.8			
26.8			
26.8			
26.8			
26.9			
26.9			
26.9			
26.9			
26.9			
26.9			
26.9			
27.1			
27.1			
27.1			
27.1			
27.1			
27.1			
27.1			
27.2			
27.2			
27.2			
27.2			
27.2			
27.2			
27.2			
27.2			
27.2			
27.2			
27.2			
27.2			
27.2			
27.2			
27.3			
27.3			
27.3			
27.3			
27.3			
27.3			
27.3			
27.3			
27.3			
27.3			
27.3			
27.4			
27.4			
27.4			
27.4			
27.4			
27.4			
27.4			
27.4			
27.4			
27.4			
27.4			
27.4			
27.4			
27.4			
27.4			
27.4			
27.4			
27.4			
27.5			
27.5			
27.5			
27.5			
27.5			
27.5			
27.5			
27.5			
27.5			
27.5			
27.5			
27.5			
27.5			
27.5			
27.5			
27.5			
27.6			
27.6			
27.6			
27.6			
27.6			
27.6			
27.6			
27.6			
27.6			
27.6			
27.6			
27.6			
27.6			
27.6			
27.6			
27.6			
27.6			
27.6			
27.6			
27.6			
27.7			
27.7			
27.7			
27.7			
27.7			
27.7			
27.7			
27.7			
27.7			
27.7			
27.7			
27.7			
27.7			
27.7			
27.7			
27.7			
27.7			
27.7			
27.7			
27.7			
27.8			
27.8			
27.8			
27.8			
27.8			
27.8			
27.8			
27.8			
27.8			
27.8			
27.8			
27.8			
27.8			
27.8			
27.8			
27.8			
27.8			
27.8			
27.8			
27.8			
27.8			
27.8			
27.8			
27.8			
27.8			
27.8			
27.8			
27.8			
27.8			
27.8			
27.9			
27.9			
27.9			
27.9			
27.9			
27.9			
27.9			
27.9			
27.9			
27.9			
27.9			
27.9			
27.9			
28.1			
28.1			
28.1			
28.1			
28.1			
28.1			
28.1			
28.1			
28.1			
28.1			
28.1			
28.1			
28.1			
28.1			
28.1			
28.1			
28.1			
28.1			
28.1			
28.1			
28.2			
28.2			
28.2			
28.2			
28.2			
28.2			
28.2			
28.2			
28.2			
28.2			
28.2			
28.2			
28.2			
28.2			
28.2			
28.2			
28.2			
28.2			
28.2			
28.2			
28.2			
28.2			
28.2			
28.2			
28.2			
28.2			
28.2			
28.2			
28.2			
28.2			
28.2			
28.2			
28.2			
28.2			
28.2			
28.2			
28.2			
28.2			
28.2			
28.2			
28.2			
28.2			
28.2			
28.2			
28.3			
28.3			
28.3			
28.3			
28.3			
28.3			
28.3			
28.3			
28.3			
28.3			
28.3			
28.3			
28.3			
28.3			
28.3			
28.3			
28.3			
28.3			
28.3			
28.3			
28.3			
28.3			
28.3			
28.3			
28.3			
28.4			
28.4			
28.4			
28.4			
28.4			
28.4			
28.4			
28.4			
28.4			
28.4			
28.4			
28.4			
28.4			
28.4			
28.4			
28.4			
28.4			
28.4			
28.4			
28.4			
28.4			
28.4			
28.4			
28.4			
28.4			
28.4			
28.4			
28.4			
28.4			
28.4			
28.4			
28.4			
28.4			
28.4			
28.4			
28.4			
28.4			
28.4			
28.4			
28.4			
28.4			
28.4			
28.4			
28.4			
28.4			
28.4			
28.4			
28.4			
28.4			
28.4			
28.5			
28.5			
28.5			
28.5			
28.5			
28.5			
28.5			
28.5			
28.5			
28.5			
28.5			
28.5			
28.5			
28.5			
28.5			
28.5			
28.5			
28.5			
28.5			
28.5			
28.5			
28.5			
28.5			
28.5			
28.5			
28.5			
28.5			
28.5			
28.5			
28.5			
28.6			
28.6			
28.6			
28.6			
28.6			
28.6			
28.6			
28.6			
28.6			
28.6			
28.6			
28.6			
28.6			
28.6			
28.6			
28.6			
28.6			
28.6			
28.6			
28.6			
28.6			
28.6			
28.6			
28.6			
28.6			
28.6			
28.6			
28.6			
28.6			
28.6			
28.6			
28.6			
28.6			
28.6			
28.6			
28.6			
28.6			
28.6			
28.6			
28.6			
28.6			
28.6			
28.6			
28.6			
28.6			
28.6			
28.6			
28.6			
28.6			
28.6			
28.6			
28.6			
28.6			
28.6			
28.7			
28.7			
28.7			
28.7			
28.7			
28.7			
28.7			
28.7			
28.7			
28.7			
28.7			
28.7			
28.7			
28.7			
28.7			
28.7			
28.7			
28.7			
28.7			
28.7			
28.7			
28.7			
28.7			
28.7			
28.7			
28.7			
28.7			
28.7			
28.7			
28.7			
28.7			
28.7			
28.7			
28.7			
28.7			
28.7			
28.8			
28.8			
28.8			
28.8			
28.8			
28.8			
28.8			
28.8			
28.8			
28.8			
28.8			
28.8			
28.8			
28.8			
28.8			
28.8			
28.8			
28.8			
28.8			
28.8			
28.8			
28.8			
28.8			
28.8			
28.8			
28.8			
28.8			
28.8			
28.8			
28.8			
28.8			
28.8			
28.8			
28.8			
28.8			
28.8			
28.8			
28.8			
28.8			
28.8			
28.8			
28.8			
28.8			
28.8			
28.8			
28.8			
28.8			
28.8			
28.8			
28.8			
28.8			
28.8			
28.8			
28.8			
28.8			
28.8			
28.9			
28.9			
28.9			
28.9			
28.9			
28.9			
28.9			
28.9			
28.9			
28.9			
28.9			
28.9			
28.9			
28.9			
28.9			
28.9			
28.9			
28.9			
28.9			
28.9			
28.9			
28.9			
28.9			
28.9			
28.9			
28.9			
28.9			
29.1			
29.1			
29.1			
29.1			
29.1			
29.1			
29.1			
29.1			
29.1			
29.1			
29.1			
29.1			
29.1			
29.1			
29.1			
29.1			
29.1			
29.1			
29.1			
29.1			
29.1			
29.1			
29.1			
29.1			
29.1			
29.1			
29.1			
29.1			
29.1			
29.1			
29.2			
29.2			
29.2			
29.2			
29.2			
29.2			
29.2			
29.2			
29.2			
29.2			
29.2			
29.2			
29.2			
29.2			
29.2			
29.2			
29.2			
29.2			
29.2			
29.2			
29.2			
29.2			
29.2			
29.2			
29.2			
29.2			
29.2			
29.2			
29.2			
29.2			
29.2			
29.2			
29.2			
29.2			
29.2			
29.2			
29.2			
29.2			
29.2			
29.2			
29.2			
29.2			
29.2			
29.2			
29.2			
29.2			
29.2			
29.2			
29.2			
29.2			
29.2			
29.2			
29.2			
29.2			
29.2			
29.2			
29.2			
29.2			
29.2			
29.2			
29.2			
29.2			
29.2			
29.2			
29.2			
29.2			
29.2			
29.2			
29.2			
29.2			
29.2			
29.2			
29.2			
29.2			
29.2			
29.2			
29.2			
29.2			
29.2			
29.2			
29.2			
29.2			
29.2			
29.2			
29.2			
29.2			
29.2			
29.3			
29.3			
29.3			
29.3			
29.3			
29.3			
29.3			
29.3			
29.3			
29.3			
29.3			
29.3			
29.3			
29.3			
29.3			
29.3			
29.3			
29.3			
29.3			
29.3			
29.3			
29.3			
29.3			
29.3			
29.3			
29.3			
29.3			
29.3			
29.3			
29.3			
29.3			
29.3			
29.3			
29.3			
29.3			
29.3			
29.3			
29.3			
29.3			
29.3			
29.3			
29.3			
29.3			
29.3			
29.4			
29.4			
29.4			
29.4			
29.4			
29.4			
29.4			
29.4			
29.4			
29.4			
29.4			
29.4			
29.4			
29.4			
29.4			
29.4			
29.4			
29.4			
29.4			
29.4			
29.4			
29.4			
29.4			
29.4			
29.4			
29.4			
29.4			
29.4			
29.4			
29.4			
29.4			
29.4			
29.4			
29.4			
29.4			
29.4			
29.4			
29.4			
29.4			
29.4			
29.4			
29.4			
29.4			
29.4			
29.4			
29.4			
29.4			
29.4			
29.4			
29.4			
29.4			
29.4			
29.4			
29.4			
29.4			
29.4			
29.4			
29.4			
29.4			
29.4			
29.4			
29.4			
29.4			
29.4			
29.4			
29.4			
29.4			
29.4			
29.4			
29.4			
29.4			
29.4			
29.4			
29.4			
29.4			
29.4			
29.4			
29.4			
29.4			
29.4			
29.4			
29.4			
29.4			
29.4			
29.4			
29.4			
29.4			
29.4			
29.4			
29.4			
29.4			
29.4			
29.4			
29.4			
29.4			
29.4			
29.4			
29.4			
29.5			
29.5			
29.5			
29.5			
29.5			
29.5			
29.5			
29.5			
29.5			
29.5			
29.5			
29.5			
29.5			
29.5			
29.5			
29.5			
29.5			
29.5			
29.5			
29.5			
29.5			
29.5			
29.5			
29.5			
29.5			
29.5			
29.5			
29.5			
29.5			
29.5			
29.5			
29.5			
29.5			
29.5			
29.5			
29.5			
29.5			
29.5			
29.5			
29.5			
29.5			
29.5			
29.5			
29.6			
29.6			
29.6			
29.6			
29.6			
29.6			
29.6			
29.6			
29.6			
29.6			
29.6			
29.6			
29.6			
29.6			
29.6			
29.6			
29.6			
29.6			
29.6			
29.6			
29.6			
29.6			
29.6			
29.6			
29.6			
29.6			
29.6			
29.6			
29.6			
29.6			
29.6			
29.6			
29.6			
29.6			
29.6			
29.6			
29.6			
29.6			
29.6			
29.6			
29.6			
29.6			
29.6			
29.6			
29.6			
29.6			
29.6			
29.6			
29.6			
29.6			
29.6			
29.6			
29.6			
29.6			
29.6			
29.6			
29.6			
29.6			
29.6			
29.6			
29.6			
29.6			
29.6			
29.6			
29.6			
29.6			
29.6			
29.6			
29.6			
29.6			
29.6			
29.6			
29.6			
29.6			
29.6			
29.6			
29.6			
29.6			
29.6			
29.6			
29.6			
29.6			
29.6			
29.6			
29.6			
29.6			
29.6			
29.7			
29.7			
29.7			
29.7			
29.7			
29.7			
29.7			
29.7			
29.7			
29.7			
29.7			
29.7			
29.7			
29.7			
29.7			
29.7			
29.7			
29.7			
29.7			
29.7			
29.7			
29.7			
29.7			
29.7			
29.7			
29.7			
29.7			
29.7			
29.7			
29.7			
29.7			
29.7			
29.7			
29.7			
29.7			
29.7			
29.7			
29.7			
29.7			
29.7			
29.7			
29.7			
29.7			
29.7			
29.7			
29.7			
29.7			
29.7			
29.7			
29.7			
29.7			
29.7			
29.8			
29.8			
29.8			
29.8			
29.8			
29.8			
29.8			
29.8			
29.8			
29.8			
29.8			
29.8			
29.8			
29.8			
29.8			
29.8			
29.8			
29.8			
29.8			
29.8			
29.8			
29.8			
29.8			
29.8			
29.8			
29.8			
29.8			
29.8			
29.8			
29.8			
29.8			
29.8			
29.8			
29.8			
29.8			
29.8			
29.8			
29.8			
29.8			
29.8			
29.8			
29.8			
29.8			
29.8			
29.8			
29.8			
29.8			
29.8			
29.8			
29.8			
29.8			
29.8			
29.8			
29.8			
29.8			
29.8			
29.8			
29.8			
29.8			
29.8			
29.8			
29.8			
29.8			
29.8			
29.8			
29.8			
29.8			
29.8			
29.8			
29.8			
29.8			
29.8			
29.8			
29.8			
29.8			
29.8			
29.8			
29.8			
29.8			
29.8			
29.8			
29.8			
29.8			
29.8			
29.8			
29.8			
29.8			
29.8			
29.8			
29.8			
29.8			
29.8			
29.8			
29.8			
29.8			
29.8			
29.8			
29.8			
29.8			
29.8			
29.8			
29.8			
29.8			
29.8			
29.8			
29.8			
29.8			
29.8			
29.9			
29.9			
29.9			
29.9			
29.9			
29.9			
29.9			
29.9			
29.9			
29.9			
29.9			
29.9			
29.9			
29.9			
29.9			
29.9			
29.9			
29.9			
29.9			
29.9			
29.9			
29.9			
29.9			
29.9			
29.9			
29.9			
29.9			
29.9			
29.9			
29.9			
29.9			
29.9			
29.9			
29.9			
29.9			
29.9			
29.9			
29.9			
29.9			
29.9			
29.9			
29.9			
30.1			
30.1			
30.1			
30.1			
30.1			
30.1			
30.1			
30.1			
30.1			
30.1			
30.1			
30.1			
30.1			
30.1			
30.1			
30.1			
30.1			
30.1			
30.1			
30.1			
30.1			
30.1			
30.1			
30.1			
30.1			
30.1			
30.1			
30.1			
30.1			
30.1			
30.1			
30.1			
30.1			
30.1			
30.1			
30.1			
30.1			
30.2			
30.2			
30.2			
30.2			
30.2			
30.2			
30.2			
30.2			
30.2			
30.2			
30.2			
30.2			
30.2			
30.2			
30.2			
30.2			
30.2			
30.2			
30.2			
30.2			
30.2			
30.2			
30.2			
30.2			
30.2			
30.2			
30.2			
30.2			
30.2			
30.2			
30.2			
30.2			
30.2			
30.2			
30.2			
30.2			
30.2			
30.2			
30.2			
30.2			
30.2			
30.2			
30.2			
30.2			
30.2			
30.2			
30.2			
30.2			
30.2			
30.2			
30.2			
30.2			
30.2			
30.2			
30.2			
30.2			
30.2			
30.2			
30.2			
30.2			
30.2			
30.2			
30.2			
30.2			
30.2			
30.2			
30.2			
30.2			
30.2			
30.2			
30.2			
30.2			
30.2			
30.2			
30.2			
30.2			
30.2			
30.2			
30.2			
30.2			
30.2			
30.2			
30.2			
30.2			
30.2			
30.2			
30.2			
30.2			
30.2			
30.2			
30.2			
30.2			
30.2			
30.2			
30.2			
30.2			
30.2			
30.2			
30.2			
30.2			
30.2			
30.2			
30.2			
30.2			
30.2			
30.2			
30.2			
30.2			
30.2			
30.2			
30.2			
30.2			
30.2			
30.2			
30.2			
30.2			
30.2			
30.2			
30.2			
30.2			
30.2			
30.2			
30.2			
30.2			
30.3			
30.3			
30.3			
30.3			
30.3			
30.3			
30.3			
30.3			
30.3			
30.3			
30.3			
30.3			
30.3			
30.3			
30.3			
30.3			
30.3			
30.3			
30.3			
30.3			
30.3			
30.3			
30.3			
30.3			
30.3			
30.3			
30.3			
30.3			
30.3			
30.3			
30.3			
30.3			
30.3			
30.3			
30.3			
30.3			
30.3			
30.3			
30.3			
30.3			
30.3			
30.3			
30.3			
30.3			
30.3			
30.3			
30.3			
30.3			
30.3			
30.3			
30.3			
30.3			
30.3			
30.3			
30.3			
30.3			
30.3			
30.3			
30.3			
30.3			
30.3			
30.3			
30.3			
30.3			
30.3			
30.3			
30.3			
30.3			
30.3			
30.4			
30.4			
30.4			
30.4			
30.4			
30.4			
30.4			
30.4			
30.4			
30.4			
30.4			
30.4			
30.4			
30.4			
30.4			
30.4			
30.4			
30.4			
30.4			
30.4			
30.4			
30.4			
30.4			
30.4			
30.4			
30.4			
30.4			
30.4			
30.4			
30.4			
30.4			
30.4			
30.4			
30.4			
30.4			
30.4			
30.4			
30.4			
30.4			
30.4			
30.4			
30.4			
30.4			
30.4			
30.4			
30.4			
30.4			
30.4			
30.4			
30.4			
30.4			
30.4			
30.4			
30.4			
30.4			
30.4			
30.4			
30.4			
30.4			
30.4			
30.4			
30.4			
30.4			
30.4			
30.4			
30.4			
30.4			
30.4			
30.4			
30.4			
30.4			
30.4			
30.4			
30.4			
30.4			
30.4			
30.4			
30.4			
30.4			
30.4			
30.4			
30.4			
30.4			
30.4			
30.4			
30.4			
30.4			
30.4			
30.4			
30.4			
30.4			
30.4			
30.4			
30.4			
30.4			
30.4			
30.4			
30.4			
30.4			
30.4			
30.4			
30.4			
30.4			
30.4			
30.4			
30.4			
30.4			
30.4			
30.4			
30.4			
30.4			
30.4			
30.4			
30.4			
30.4			
30.4			
30.4			
30.4			
30.4			
30.4			
30.4			
30.4			
30.4			
30.4			
30.4			
30.4			
30.4			
30.4			
30.5			
30.5			
30.5			
30.5			
30.5			
30.5			
30.5			
30.5			
30.5			
30.5			
30.5			
30.5			
30.5			
30.5			
30.5			
30.5			
30.5			
30.5			
30.5			
30.5			
30.5			
30.5			
30.5			
30.5			
30.5			
30.5			
30.5			
30.5			
30.5			
30.5			
30.5			
30.5			
30.5			
30.5			
30.5			
30.5			
30.5			
30.5			
30.5			
30.5			
30.5			
30.5			
30.5			
30.5			
30.5			
30.5			
30.5			
30.5			
30.5			
30.5			
30.5			
30.5			
30.5			
30.5			
30.5			
30.5			
30.5			
30.5			
30.5			
30.5			
30.5			
30.5			
30.5			
30.5			
30.5			
30.5			
30.5			
30.6			
30.6			
30.6			
30.6			
30.6			
30.6			
30.6			
30.6			
30.6			
30.6			
30.6			
30.6			
30.6			
30.6			
30.6			
30.6			
30.6			
30.6			
30.6			
30.6			
30.6			
30.6			
30.6			
30.6			
30.6			
30.6			
30.6			
30.6			
30.6			
30.6			
30.6			
30.6			
30.6			
30.6			
30.6			
30.6			
30.6			
30.6			
30.6			
30.6			
30.6			
30.6			
30.6			
30.6			
30.6			
30.6			
30.6			
30.6			
30.6			
30.6			
30.6			
30.6			
30.6			
30.6			
30.6			
30.6			
30.6			
30.6			
30.6			
30.6			
30.6			
30.6			
30.6			
30.6			
30.6			
30.6			
30.6			
30.6			
30.6			
30.6			
30.6			
30.6			
30.6			
30.6			
30.6			
30.6			
30.6			
30.6			
30.6			
30.6			
30.6			
30.6			
30.6			
30.6			
30.6			
30.6			
30.6			
30.6			
30.6			
30.6			
30.6			
30.6			
30.6			
30.6			
30.6			
30.6			
30.6			
30.6			
30.6			
30.6			
30.6			
30.6			
30.6			
30.6			
30.6			
30.6			
30.6			
30.6			
30.6			
30.6			
30.6			
30.6			
30.6			
30.6			
30.6			
30.6			
30.6			
30.6			
30.6			
30.6			
30.6			
30.6			
30.6			
30.6			
30.6			
30.6			
30.6			
30.6			
30.6			
30.6			
30.6			
30.6			
30.6			
30.6			
30.6			
30.6			
30.6			
30.6			
30.6			
30.6			
30.7			
30.7			
30.7			
30.7			
30.7			
30.7			
30.7			
30.7			
30.7			
30.7			
30.7			
30.7			
30.7			
30.7			
30.7			
30.7			
30.7			
30.7			
30.7			
30.7			
30.7			
30.7			
30.7			
30.7			
30.7			
30.7			
30.7			
30.7			
30.7			
30.7			
30.7			
30.7			
30.7			
30.7			
30.7			
30.7			
30.7			
30.7			
30.7			
30.7			
30.7			
30.7			
30.7			
30.7			
30.7			
30.7			
30.7			
30.7			
30.7			
30.7			
30.7			
30.7			
30.7			
30.7			
30.7			
30.7			
30.7			
30.7			
30.7			
30.7			
30.7			
30.7			
30.7			
30.7			
30.7			
30.7			
30.7			
30.7			
30.7			
30.7			
30.7			
30.7			
30.7			
30.7			
30.7			
30.7			
30.7			
30.7			
30.7			
30.8			
30.8			
30.8			
30.8			
30.8			
30.8			
30.8			
30.8			
30.8			
30.8			
30.8			
30.8			
30.8			
30.8			
30.8			
30.8			
30.8			
30.8			
30.8			
30.8			
30.8			
30.8			
30.8			
30.8			
30.8			
30.8			
30.8			
30.8			
30.8			
30.8			
30.8			
30.8			
30.8			
30.8			
30.8			
30.8			
30.8			
30.8			
30.8			
30.8			
30.8			
30.8			
30.8			
30.8			
30.8			
30.8			
30.8			
30.8			
30.8			
30.8			
30.8			
30.8			
30.8			
30.8			
30.8			
30.8			
30.8			
30.8			
30.8			
30.8			
30.8			
30.8			
30.8			
30.8			
30.8			
30.8			
30.8			
30.8			
30.8			
30.8			
30.8			
30.8			
30.8			
30.8			
30.8			
30.8			
30.8			
30.8			
30.8			
30.8			
30.8			
30.8			
30.8			
30.8			
30.8			
30.8			
30.8			
30.8			
30.8			
30.8			
30.8			
30.8			
30.8			
30.8			
30.8			
30.8			
30.8			
30.8			
30.8			
30.8			
30.8			
30.8			
30.8			
30.8			
30.8			
30.8			
30.8			
30.8			
30.8			
30.8			
30.8			
30.8			
30.8			
30.8			
30.8			
30.8			
30.8			
30.8			
30.8			
30.8			
30.8			
30.8			
30.8			
30.8			
30.8			
30.8			
30.8			
30.8			
30.8			
30.8			
30.8			
30.8			
30.8			
30.8			
30.8			
30.9			
30.9			
30.9			
30.9			
30.9			
30.9			
30.9			
30.9			
30.9			
30.9			
30.9			
30.9			
30.9			
30.9			
30.9			
30.9			
30.9			
30.9			
30.9			
30.9			
30.9			
30.9			
30.9			
30.9			
30.9			
30.9			
30.9			
30.9			
30.9			
30.9			
30.9			
30.9			
30.9			
30.9			
30.9			
30.9			
30.9			
30.9			
30.9			
30.9			
30.9			
30.9			
30.9			
30.9			
30.9			
30.9			
30.9			
30.9			
30.9			
30.9			
30.9			
30.9			
30.9			
30.9			
31.1			
31.1			
31.1			
31.1			
31.1			
31.1			
31.1			
31.1			
31.1			
31.1			
31.1			
31.1			
31.1			
31.1			
31.1			
31.1			
31.1			
31.1			
31.1			
31.1			
31.1			
31.1			
31.1			
31.1			
31.1			
31.1			
31.1			
31.1			
31.1			
31.1			
31.1			
31.1			
31.1			
31.1			
31.1			
31.1			
31.1			
31.1			
31.1			
31.1			
31.1			
31.1			
31.1			
31.1			
31.1			
31.1			
31.1			
31.1			
31.1			
31.2			
31.2			
31.2			
31.2			
31.2			
31.2			
31.2			
31.2			
31.2			
31.2			
31.2			
31.2			
31.2			
31.2			
31.2			
31.2			
31.2			
31.2			
31.2			
31.2			
31.2			
31.2			
31.2			
31.2			
31.2			
31.2			
31.2			
31.2			
31.2			
31.2			
31.2			
31.2			
31.2			
31.2			
31.2			
31.2			
31.2			
31.2			
31.2			
31.2			
31.2			
31.2			
31.2			
31.2			
31.2			
31.2			
31.2			
31.2			
31.2			
31.2			
31.2			
31.2			
31.2			
31.2			
31.2			
31.2			
31.2			
31.2			
31.2			
31.2			
31.2			
31.2			
31.2			
31.2			
31.2			
31.2			
31.2			
31.2			
31.2			
31.2			
31.2			
31.2			
31.2			
31.2			
31.2			
31.2			
31.2			
31.2			
31.2			
31.2			
31.2			
31.2			
31.2			
31.2			
31.2			
31.2			
31.2			
31.2			
31.2			
31.2			
31.2			
31.2			
31.2			
31.2			
31.2			
31.2			
31.2			
31.2			
31.2			
31.2			
31.2			
31.2			
31.2			
31.2			
31.2			
31.2			
31.2			
31.2			
31.2			
31.2			
31.2			
31.2			
31.2			
31.2			
31.2			
31.2			
31.2			
31.2			
31.2			
31.2			
31.2			
31.2			
31.2			
31.2			
31.2			
31.2			
31.2			
31.2			
31.2			
31.2			
31.2			
31.2			
31.2			
31.2			
31.2			
31.2			
31.2			
31.2			
31.2			
31.2			
31.2			
31.2			
31.2			
31.2			
31.2			
31.2			
31.2			
31.3			
31.3			
31.3			
31.3			
31.3			
31.3			
31.3			
31.3			
31.3			
31.3			
31.3			
31.3			
31.3			
31.3			
31.3			
31.3			
31.3			
31.3			
31.3			
31.3			
31.3			
31.3			
31.3			
31.3			
31.3			
31.3			
31.3			
31.3			
31.3			
31.3			
31.3			
31.3			
31.3			
31.3			
31.3			
31.3			
31.3			
31.3			
31.3			
31.3			
31.3			
31.3			
31.3			
31.3			
31.3			
31.3			
31.3			
31.3			
31.3			
31.3			
31.3			
31.3			
31.3			
31.3			
31.3			
31.3			
31.3			
31.3			
31.3			
31.3			
31.3			
31.3			
31.3			
31.3			
31.3			
31.3			
31.3			
31.3			
31.3			
31.3			
31.3			
31.3			
31.3			
31.3			
31.3			
31.3			
31.3			
31.3			
31.4			
31.4			
31.4			
31.4			
31.4			
31.4			
31.4			
31.4			
31.4			
31.4			
31.4			
31.4			
31.4			
31.4			
31.4			
31.4			
31.4			
31.4			
31.4			
31.4			
31.4			
31.4			
31.4			
31.4			
31.4			
31.4			
31.4			
31.4			
31.4			
31.4			
31.4			
31.4			
31.4			
31.4			
31.4			
31.4			
31.4			
31.4			
31.4			
31.4			
31.4			
31.4			
31.4			
31.4			
31.4			
31.4			
31.4			
31.4			
31.4			
31.4			
31.4			
31.4			
31.4			
31.4			
31.4			
31.4			
31.4			
31.4			
31.4			
31.4			
31.4			
31.4			
31.4			
31.4			
31.4			
31.4			
31.4			
31.4			
31.4			
31.4			
31.4			
31.4			
31.4			
31.4			
31.4			
31.4			
31.4			
31.4			
31.4			
31.4			
31.4			
31.4			
31.4			
31.4			
31.4			
31.4			
31.4			
31.4			
31.4			
31.4			
31.4			
31.4			
31.4			
31.4			
31.4			
31.4			
31.4			
31.4			
31.4			
31.4			
31.4			
31.4			
31.4			
31.4			
31.4			
31.4			
31.4			
31.4			
31.4			
31.4			
31.4			
31.4			
31.4			
31.4			
31.4			
31.4			
31.4			
31.4			
31.4			
31.4			
31.4			
31.4			
31.4			
31.4			
31.4			
31.4			
31.4			
31.4			
31.4			
31.4			
31.4			
31.4			
31.4			
31.4			
31.4			
31.4			
31.4			
31.4			
31.4			
31.4			
31.4			
31.4			
31.5			
31.5			
31.5			
31.5			
31.5			
31.5			
31.5			
31.5			
31.5			
31.5			
31.5			
31.5			
31.5			
31.5			
31.5			
31.5			
31.5			
31.5			
31.5			
31.5			
31.5			
31.5			
31.5			
31.5			
31.5			
31.5			
31.5			
31.5			
31.5			
31.5			
31.5			
31.5			
31.5			
31.5			
31.5			
31.5			
31.5			
31.5			
31.5			
31.5			
31.5			
31.5			
31.5			
31.5			
31.5			
31.5			
31.5			
31.5			
31.5			
31.5			
31.5			
31.5			
31.5			
31.5			
31.5			
31.5			
31.5			
31.5			
31.5			
31.5			
31.5			
31.5			
31.5			
31.5			
31.5			
31.5			
31.5			
31.5			
31.5			
31.5			
31.5			
31.5			
31.5			
31.5			
31.5			
31.5			
31.5			
31.5			
31.5			
31.5			
31.5			
31.5			
31.6			
31.6			
31.6			
31.6			
31.6			
31.6			
31.6			
31.6			
31.6			
31.6			
31.6			
31.6			
31.6			
31.6			
31.6			
31.6			
31.6			
31.6			
31.6			
31.6			
31.6			
31.6			
31.6			
31.6			
31.6			
31.6			
31.6			
31.6			
31.6			
31.6			
31.6			
31.6			
31.6			
31.6			
31.6			
31.6			
31.6			
31.6			
31.6			
31.6			
31.6			
31.6			
31.6			
31.6			
31.6			
31.6			
31.6			
31.6			
31.6			
31.6			
31.6			
31.6			
31.6			
31.6			
31.6			
31.6			
31.6			
31.6			
31.6			
31.6			
31.6			
31.6			
31.6			
31.6			
31.6			
31.6			
31.6			
31.6			
31.6			
31.6			
31.6			
31.6			
31.6			
31.6			
31.6			
31.6			
31.6			
31.6			
31.6			
31.6			
31.6			
31.6			
31.6			
31.6			
31.6			
31.6			
31.6			
31.6			
31.6			
31.6			
31.6			
31.6			
31.6			
31.6			
31.6			
31.6			
31.6			
31.6			
31.6			
31.6			
31.6			
31.6			
31.6			
31.6			
31.6			
31.6			
31.6			
31.6			
31.6			
31.6			
31.6			
31.6			
31.6			
31.6			
31.6			
31.6			
31.6			
31.6			
31.6			
31.6			
31.6			
31.6			
31.6			
31.6			
31.6			
31.6			
31.6			
31.6			
31.6			
31.6			
31.6			
31.6			
31.6			
31.6			
31.6			
31.6			
31.6			
31.6			
31.6			
31.6			
31.6			
31.7			
31.7			
31.7			
31.7			
31.7			
31.7			
31.7			
31.7			
31.7			
31.7			
31.7			
31.7			
31.7			
31.7			
31.7			
31.7			
31.7			
31.7			
31.7			
31.7			
31.7			
31.7			
31.7			
31.7			
31.7			
31.7			
31.7			
31.7			
31.7			
31.7			
31.7			
31.7			
31.7			
31.7			
31.7			
31.7			
31.7			
31.7			
31.7			
31.7			
31.7			
31.7			
31.7			
31.7			
31.7			
31.7			
31.7			
31.7			
31.7			
31.7			
31.7			
31.7			
31.7			
31.7			
31.7			
31.7			
31.7			
31.7			
31.7			
31.7			
31.7			
31.7			
31.7			
31.7			
31.7			
31.7			
31.7			
31.7			
31.7			
31.7			
31.7			
31.7			
31.7			
31.7			
31.7			
31.7			
31.7			
31.7			
31.7			
31.7			
31.7			
31.7			
31.7			
31.7			
31.7			
31.7			
31.7			
31.7			
31.7			
31.7			
31.7			
31.8			
31.8			
31.8			
31.8			
31.8			
31.8			
31.8			
31.8			
31.8			
31.8			
31.8			
31.8			
31.8			
31.8			
31.8			
31.8			
31.8			
31.8			
31.8			
31.8			
31.8			
31.8			
31.8			
31.8			
31.8			
31.8			
31.8			
31.8			
31.8			
31.8			
31.8			
31.8			
31.8			
31.8			
31.8			
31.8			
31.8			
31.8			
31.8			
31.8			
31.8			
31.8			
31.8			
31.8			
31.8			
31.8			
31.8			
31.8			
31.8			
31.8			
31.8			
31.8			
31.8			
31.8			
31.8			
31.8			
31.8			
31.8			
31.8			
31.8			
31.8			
31.8			
31.8			
31.8			
31.8			
31.8			
31.8			
31.8			
31.8			
31.8			
31.8			
31.8			
31.8			
31.8			
31.8			
31.8			
31.8			
31.8			
31.8			
31.8			
31.8			
31.8			
31.8			
31.8			
31.8			
31.8			
31.8			
31.8			
31.8			
31.8			
31.8			
31.8			
31.8			
31.8			
31.8			
31.8			
31.8			
31.8			
31.8			
31.8			
31.8			
31.8			
31.8			
31.8			
31.8			
31.8			
31.8			
31.8			
31.8			
31.8			
31.8			
31.8			
31.8			
31.8			
31.8			
31.8			
31.8			
31.8			
31.8			
31.8			
31.8			
31.8			
31.8			
31.8			
31.8			
31.8			
31.8			
31.8			
31.8			
31.8			
31.8			
31.8			
31.8			
31.8			
31.8			
31.8			
31.8			
31.8			
31.8			
31.8			
31.8			
31.8			
31.8			
31.8			
31.8			
31.8			
31.8			
31.8			
31.9			
31.9			
31.9			
31.9			
31.9			
31.9			
31.9			
31.9			
31.9			
31.9			
31.9			
31.9			
31.9			
31.9			
31.9			
31.9			
31.9			
31.9			
31.9			
31.9			
31.9			
31.9			
31.9			
31.9			
31.9			
31.9			
31.9			
31.9			
31.9			
31.9			
31.9			
31.9			
31.9			
31.9			
31.9			
31.9			
31.9			
31.9			
31.9			
31.9			
31.9			
31.9			
31.9			
31.9			
31.9			
31.9			
31.9			
31.9			
31.9			
31.9			
31.9			
31.9			
31.9			
31.9			
31.9			
31.9			
31.9			
31.9			
31.9			
31.9			
31.9			
31.9			
31.9			
31.9			
31.9			
32.1			
32.1			
32.1			
32.1			
32.1			
32.1			
32.1			
32.1			
32.1			
32.1			
32.1			
32.1			
32.1			
32.1			
32.1			
32.1			
32.1			
32.1			
32.1			
32.1			
32.1			
32.1			
32.1			
32.1			
32.1			
32.1			
32.1			
32.1			
32.1			
32.1			
32.1			
32.1			
32.1			
32.1			
32.1			
32.1			
32.1			
32.1			
32.1			
32.1			
32.1			
32.1			
32.1			
32.1			
32.1			
32.1			
32.1			
32.1			
32.1			
32.1			
32.1			
32.1			
32.1			
32.1			
32.1			
32.1			
32.1			
32.1			
32.1			
32.1			
32.1			
32.1			
32.1			
32.1			
32.1			
32.1			
32.1			
32.1			
32.1			
32.1			
32.1			
32.2			
32.2			
32.2			
32.2			
32.2			
32.2			
32.2			
32.2			
32.2			
32.2			
32.2			
32.2			
32.2			
32.2			
32.2			
32.2			
32.2			
32.2			
32.2			
32.2			
32.2			
32.2			
32.2			
32.2			
32.2			
32.2			
32.2			
32.2			
32.2			
32.2			
32.2			
32.2			
32.2			
32.2			
32.2			
32.2			
32.2			
32.2			
32.2			
32.2			
32.2			
32.2			
32.2			
32.2			
32.2			
32.2			
32.2			
32.2			
32.2			
32.2			
32.2			
32.2			
32.2			
32.2			
32.2			
32.2			
32.2			
32.2			
32.2			
32.2			
32.2			
32.2			
32.2			
32.2			
32.2			
32.2			
32.2			
32.2			
32.2			
32.2			
32.2			
32.2			
32.2			
32.2			
32.2			
32.2			
32.2			
32.2			
32.2			
32.2			
32.2			
32.2			
32.2			
32.2			
32.2			
32.2			
32.2			
32.2			
32.2			
32.2			
32.2			
32.2			
32.2			
32.2			
32.2			
32.2			
32.2			
32.2			
32.2			
32.2			
32.2			
32.2			
32.2			
32.2			
32.2			
32.2			
32.2			
32.2			
32.2			
32.2			
32.2			
32.2			
32.2			
32.2			
32.2			
32.2			
32.2			
32.2			
32.2			
32.2			
32.2			
32.2			
32.2			
32.2			
32.2			
32.2			
32.2			
32.2			
32.2			
32.2			
32.2			
32.2			
32.2			
32.2			
32.2			
32.2			
32.2			
32.2			
32.2			
32.2			
32.2			
32.2			
32.2			
32.2			
32.2			
32.2			
32.2			
32.2			
32.2			
32.2			
32.2			
32.2			
32.2			
32.2			
32.2			
32.2			
32.2			
32.2			
32.2			
32.2			
32.2			
32.2			
32.2			
32.2			
32.2			
32.2			
32.2			
32.2			
32.2			
32.3			
32.3			
32.3			
32.3			
32.3			
32.3			
32.3			
32.3			
32.3			
32.3			
32.3			
32.3			
32.3			
32.3			
32.3			
32.3			
32.3			
32.3			
32.3			
32.3			
32.3			
32.3			
32.3			
32.3			
32.3			
32.3			
32.3			
32.3			
32.3			
32.3			
32.3			
32.3			
32.3			
32.3			
32.3			
32.3			
32.3			
32.3			
32.3			
32.3			
32.3			
32.3			
32.3			
32.3			
32.3			
32.3			
32.3			
32.3			
32.3			
32.3			
32.3			
32.3			
32.3			
32.3			
32.3			
32.3			
32.3			
32.3			
32.3			
32.3			
32.3			
32.3			
32.3			
32.3			
32.3			
32.3			
32.3			
32.3			
32.3			
32.3			
32.3			
32.3			
32.3			
32.3			
32.3			
32.4			
32.4			
32.4			
32.4			
32.4			
32.4			
32.4			
32.4			
32.4			
32.4			
32.4			
32.4			
32.4			
32.4			
32.4			
32.4			
32.4			
32.4			
32.4			
32.4			
32.4			
32.4			
32.4			
32.4			
32.4			
32.4			
32.4			
32.4			
32.4			
32.4			
32.4			
32.4			
32.4			
32.4			
32.4			
32.4			
32.4			
32.4			
32.4			
32.4			
32.4			
32.4			
32.4			
32.4			
32.4			
32.4			
32.4			
32.4			
32.4			
32.4			
32.4			
32.4			
32.4			
32.4			
32.4			
32.4			
32.4			
32.4			
32.4			
32.4			
32.4			
32.4			
32.4			
32.4			
32.4			
32.4			
32.4			
32.4			
32.4			
32.4			
32.4			
32.4			
32.4			
32.4			
32.4			
32.4			
32.4			
32.4			
32.4			
32.4			
32.4			
32.4			
32.4			
32.4			
32.4			
32.4			
32.4			
32.4			
32.4			
32.4			
32.4			
32.4			
32.4			
32.4			
32.4			
32.4			
32.4			
32.4			
32.4			
32.4			
32.4			
32.4			
32.4			
32.4			
32.4			
32.4			
32.4			
32.4			
32.4			
32.4			
32.4			
32.4			
32.4			
32.4			
32.4			
32.4			
32.4			
32.4			
32.4			
32.4			
32.4			
32.4			
32.4			
32.4			
32.4			
32.4			
32.4			
32.4			
32.4			
32.4			
32.4			
32.4			
32.4			
32.4			
32.4			
32.4			
32.4			
32.4			
32.4			
32.4			
32.4			
32.4			
32.4			
32.4			
32.4			
32.4			
32.4			
32.4			
32.4			
32.4			
32.4			
32.4			
32.4			
32.4			
32.4			
32.4			
32.4			
32.4			
32.4			
32.4			
32.4			
32.4			
32.4			
32.4			
32.4			
32.5			
32.5			
32.5			
32.5			
32.5			
32.5			
32.5			
32.5			
32.5			
32.5			
32.5			
32.5			
32.5			
32.5			
32.5			
32.5			
32.5			
32.5			
32.5			
32.5			
32.5			
32.5			
32.5			
32.5			
32.5			
32.5			
32.5			
32.5			
32.5			
32.5			
32.5			
32.5			
32.5			
32.5			
32.5			
32.5			
32.5			
32.5			
32.5			
32.5			
32.5			
32.5			
32.5			
32.5			
32.5			
32.5			
32.5			
32.5			
32.5			
32.5			
32.5			
32.5			
32.5			
32.5			
32.5			
32.5			
32.5			
32.5			
32.5			
32.5			
32.5			
32.5			
32.5			
32.5			
32.5			
32.5			
32.5			
32.5			
32.5			
32.5			
32.5			
32.5			
32.5			
32.5			
32.5			
32.6			
32.6			
32.6			
32.6			
32.6			
32.6			
32.6			
32.6			
32.6			
32.6			
32.6			
32.6			
32.6			
32.6			
32.6			
32.6			
32.6			
32.6			
32.6			
32.6			
32.6			
32.6			
32.6			
32.6			
32.6			
32.6			
32.6			
32.6			
32.6			
32.6			
32.6			
32.6			
32.6			
32.6			
32.6			
32.6			
32.6			
32.6			
32.6			
32.6			
32.6			
32.6			
32.6			
32.6			
32.6			
32.6			
32.6			
32.6			
32.6			
32.6			
32.6			
32.6			
32.6			
32.6			
32.6			
32.6			
32.6			
32.6			
32.6			
32.6			
32.6			
32.6			
32.6			
32.6			
32.6			
32.6			
32.6			
32.6			
32.6			
32.6			
32.6			
32.6			
32.6			
32.6			
32.6			
32.6			
32.6			
32.6			
32.6			
32.6			
32.6			
32.6			
32.6			
32.6			
32.6			
32.6			
32.6			
32.6			
32.6			
32.6			
32.6			
32.6			
32.6			
32.6			
32.6			
32.6			
32.6			
32.6			
32.6			
32.6			
32.6			
32.6			
32.6			
32.6			
32.6			
32.6			
32.6			
32.6			
32.6			
32.6			
32.6			
32.6			
32.6			
32.6			
32.6			
32.6			
32.6			
32.6			
32.6			
32.6			
32.6			
32.6			
32.6			
32.6			
32.6			
32.6			
32.6			
32.6			
32.6			
32.6			
32.6			
32.6			
32.6			
32.6			
32.6			
32.6			
32.6			
32.6			
32.6			
32.6			
32.6			
32.6			
32.6			
32.6			
32.6			
32.6			
32.6			
32.6			
32.6			
32.6			
32.6			
32.6			
32.6			
32.6			
32.6			
32.6			
32.6			
32.6			
32.6			
32.6			
32.6			
32.6			
32.6			
32.6			
32.6			
32.6			
32.6			
32.6			
32.6			
32.6			
32.6			
32.6			
32.6			
32.6			
32.6			
32.6			
32.6			
32.6			
32.7			
32.7			
32.7			
32.7			
32.7			
32.7			
32.7			
32.7			
32.7			
32.7			
32.7			
32.7			
32.7			
32.7			
32.7			
32.7			
32.7			
32.7			
32.7			
32.7			
32.7			
32.7			
32.7			
32.7			
32.7			
32.7			
32.7			
32.7			
32.7			
32.7			
32.7			
32.7			
32.7			
32.7			
32.7			
32.7			
32.7			
32.7			
32.7			
32.7			
32.7			
32.7			
32.7			
32.7			
32.7			
32.7			
32.7			
32.7			
32.7			
32.7			
32.7			
32.7			
32.7			
32.7			
32.7			
32.7			
32.7			
32.7			
32.7			
32.7			
32.7			
32.7			
32.7			
32.7			
32.7			
32.7			
32.7			
32.7			
32.7			
32.7			
32.7			
32.7			
32.7			
32.7			
32.7			
32.7			
32.7			
32.7			
32.7			
32.7			
32.8			
32.8			
32.8			
32.8			
32.8			
32.8			
32.8			
32.8			
32.8			
32.8			
32.8			
32.8			
32.8			
32.8			
32.8			
32.8			
32.8			
32.8			
32.8			
32.8			
32.8			
32.8			
32.8			
32.8			
32.8			
32.8			
32.8			
32.8			
32.8			
32.8			
32.8			
32.8			
32.8			
32.8			
32.8			
32.8			
32.8			
32.8			
32.8			
32.8			
32.8			
32.8			
32.8			
32.8			
32.8			
32.8			
32.8			
32.8			
32.8			
32.8			
32.8			
32.8			
32.8			
32.8			
32.8			
32.8			
32.8			
32.8			
32.8			
32.8			
32.8			
32.8			
32.8			
32.8			
32.8			
32.8			
32.8			
32.8			
32.8			
32.8			
32.8			
32.8			
32.8			
32.8			
32.8			
32.8			
32.8			
32.8			
32.8			
32.8			
32.8			
32.8			
32.8			
32.8			
32.8			
32.8			
32.8			
32.8			
32.8			
32.8			
32.8			
32.8			
32.8			
32.8			
32.8			
32.8			
32.8			
32.8			
32.8			
32.8			
32.8			
32.8			
32.8			
32.8			
32.8			
32.8			
32.8			
32.8			
32.8			
32.8			
32.8			
32.8			
32.8			
32.8			
32.8			
32.8			
32.8			
32.8			
32.8			
32.8			
32.8			
32.8			
32.8			
32.8			
32.8			
32.8			
32.8			
32.8			
32.8			
32.8			
32.8			
32.8			
32.8			
32.8			
32.8			
32.8			
32.8			
32.8			
32.8			
32.8			
32.8			
32.8			
32.8			
32.8			
32.8			
32.8			
32.8			
32.8			
32.8			
32.8			
32.8			
32.8			
32.8			
32.8			
32.8			
32.8			
32.8			
32.8			
32.8			
32.8			
32.8			
32.8			
32.8			
32.8			
32.8			
32.8			
32.8			
32.8			
32.8			
32.8			
32.8			
32.9			
32.9			
32.9			
32.9			
32.9			
32.9			
32.9			
32.9			
32.9			
32.9			
32.9			
32.9			
32.9			
32.9			
32.9			
32.9			
32.9			
32.9			
32.9			
32.9			
32.9			
32.9			
32.9			
32.9			
32.9			
32.9			
32.9			
32.9			
32.9			
32.9			
32.9			
32.9			
32.9			
32.9			
32.9			
32.9			
32.9			
32.9			
32.9			
32.9			
32.9			
32.9			
32.9			
32.9			
32.9			
32.9			
32.9			
32.9			
32.9			
32.9			
32.9			
32.9			
32.9			
32.9			
32.9			
32.9			
32.9			
32.9			
32.9			
32.9			
32.9			
32.9			
32.9			
32.9			
32.9			
32.9			
32.9			
32.9			
32.9			
33.1			
33.1			
33.1			
33.1			
33.1			
33.1			
33.1			
33.1			
33.1			
33.1			
33.1			
33.1			
33.1			
33.1			
33.1			
33.1			
33.1			
33.1			
33.1			
33.1			
33.1			
33.1			
33.1			
33.1			
33.1			
33.1			
33.1			
33.1			
33.1			
33.1			
33.1			
33.1			
33.1			
33.1			
33.1			
33.1			
33.1			
33.1			
33.1			
33.1			
33.1			
33.1			
33.1			
33.1			
33.1			
33.1			
33.1			
33.1			
33.1			
33.1			
33.1			
33.1			
33.1			
33.1			
33.1			
33.1			
33.1			
33.1			
33.1			
33.1			
33.1			
33.1			
33.1			
33.1			
33.1			
33.1			
33.1			
33.1			
33.1			
33.2			
33.2			
33.2			
33.2			
33.2			
33.2			
33.2			
33.2			
33.2			
33.2			
33.2			
33.2			
33.2			
33.2			
33.2			
33.2			
33.2			
33.2			
33.2			
33.2			
33.2			
33.2			
33.2			
33.2			
33.2			
33.2			
33.2			
33.2			
33.2			
33.2			
33.2			
33.2			
33.2			
33.2			
33.2			
33.2			
33.2			
33.2			
33.2			
33.2			
33.2			
33.2			
33.2			
33.2			
33.2			
33.2			
33.2			
33.2			
33.2			
33.2			
33.2			
33.2			
33.2			
33.2			
33.2			
33.2			
33.2			
33.2			
33.2			
33.2			
33.2			
33.2			
33.2			
33.2			
33.2			
33.2			
33.2			
33.2			
33.2			
33.2			
33.2			
33.2			
33.2			
33.2			
33.2			
33.2			
33.2			
33.2			
33.2			
33.2			
33.2			
33.2			
33.2			
33.2			
33.2			
33.2			
33.2			
33.2			
33.2			
33.2			
33.2			
33.2			
33.2			
33.2			
33.2			
33.2			
33.2			
33.2			
33.2			
33.2			
33.2			
33.2			
33.2			
33.2			
33.2			
33.2			
33.2			
33.2			
33.2			
33.2			
33.2			
33.2			
33.2			
33.2			
33.2			
33.2			
33.2			
33.2			
33.2			
33.2			
33.2			
33.2			
33.2			
33.2			
33.2			
33.2			
33.2			
33.2			
33.2			
33.2			
33.2			
33.2			
33.2			
33.2			
33.2			
33.2			
33.2			
33.2			
33.2			
33.2			
33.2			
33.2			
33.2			
33.2			
33.2			
33.2			
33.2			
33.2			
33.2			
33.2			
33.2			
33.2			
33.2			
33.2			
33.2			
33.2			
33.2			
33.2			
33.2			
33.2			
33.2			
33.2			
33.2			
33.2			
33.2			
33.2			
33.2			
33.2			
33.2			
33.2			
33.2			
33.2			
33.2			
33.2			
33.2			
33.2			
33.2			
33.2			
33.2			
33.2			
33.2			
33.2			
33.2			
33.2			
33.2			
33.2			
33.2			
33.2			
33.2			
33.2			
33.2			
33.2			
33.2			
33.2			
33.2			
33.2			
33.2			
33.3			
33.3			
33.3			
33.3			
33.3			
33.3			
33.3			
33.3			
33.3			
33.3			
33.3			
33.3			
33.3			
33.3			
33.3			
33.3			
33.3			
33.3			
33.3			
33.3			
33.3			
33.3			
33.3			
33.3			
33.3			
33.3			
33.3			
33.3			
33.3			
33.3			
33.3			
33.3			
33.3			
33.3			
33.3			
33.3			
33.3			
33.3			
33.3			
33.3			
33.3			
33.3			
33.3			
33.3			
33.3			
33.3			
33.3			
33.3			
33.3			
33.3			
33.3			
33.3			
33.3			
33.3			
33.3			
33.3			
33.3			
33.3			
33.3			
33.3			
33.3			
33.3			
33.3			
33.3			
33.3			
33.3			
33.3			
33.3			
33.3			
33.3			
33.3			
33.3			
33.3			
33.3			
33.3			
33.3			
33.3			
33.3			
33.3			
33.3			
33.3			
33.3			
33.4			
33.4			
33.4			
33.4			
33.4			
33.4			
33.4			
33.4			
33.4			
33.4			
33.4			
33.4			
33.4			
33.4			
33.4			
33.4			
33.4			
33.4			
33.4			
33.4			
33.4			
33.4			
33.4			
33.4			
33.4			
33.4			
33.4			
33.4			
33.4			
33.4			
33.4			
33.4			
33.4			
33.4			
33.4			
33.4			
33.4			
33.4			
33.4			
33.4			
33.4			
33.4			
33.4			
33.4			
33.4			
33.4			
33.4			
33.4			
33.4			
33.4			
33.4			
33.4			
33.4			
33.4			
33.4			
33.4			
33.4			
33.4			
33.4			
33.4			
33.4			
33.4			
33.4			
33.4			
33.4			
33.4			
33.4			
33.4			
33.4			
33.4			
33.4			
33.4			
33.4			
33.4			
33.4			
33.4			
33.4			
33.4			
33.4			
33.4			
33.4			
33.4			
33.4			
33.4			
33.4			
33.4			
33.4			
33.4			
33.4			
33.4			
33.4			
33.4			
33.4			
33.4			
33.4			
33.4			
33.4			
33.4			
33.4			
33.4			
33.4			
33.4			
33.4			
33.4			
33.4			
33.4			
33.4			
33.4			
33.4			
33.4			
33.4			
33.4			
33.4			
33.4			
33.4			
33.4			
33.4			
33.4			
33.4			
33.4			
33.4			
33.4			
33.4			
33.4			
33.4			
33.4			
33.4			
33.4			
33.4			
33.4			
33.4			
33.4			
33.4			
33.4			
33.4			
33.4			
33.4			
33.4			
33.4			
33.4			
33.4			
33.4			
33.4			
33.4			
33.4			
33.4			
33.4			
33.4			
33.4			
33.4			
33.4			
33.4			
33.4			
33.4			
33.4			
33.4			
33.4			
33.4			
33.4			
33.4			
33.4			
33.4			
33.4			
33.4			
33.4			
33.4			
33.4			
33.4			
33.4			
33.4			
33.4			
33.4			
33.4			
33.4			
33.4			
33.4			
33.4			
33.4			
33.4			
33.4			
33.4			
33.4			
33.4			
33.4			
33.4			
33.4			
33.4			
33.4			
33.4			
33.4			
33.5			
33.5			
33.5			
33.5			
33.5			
33.5			
33.5			
33.5			
33.5			
33.5			
33.5			
33.5			
33.5			
33.5			
33.5			
33.5			
33.5			
33.5			
33.5			
33.5			
33.5			
33.5			
33.5			
33.5			
33.5			
33.5			
33.5			
33.5			
33.5			
33.5			
33.5			
33.5			
33.5			
33.5			
33.5			
33.5			
33.5			
33.5			
33.5			
33.5			
33.5			
33.5			
33.5			
33.5			
33.5			
33.5			
33.5			
33.5			
33.5			
33.5			
33.5			
33.5			
33.5			
33.5			
33.5			
33.5			
33.5			
33.5			
33.5			
33.5			
33.5			
33.5			
33.5			
33.5			
33.5			
33.5			
33.5			
33.5			
33.5			
33.5			
33.5			
33.5			
33.5			
33.5			
33.5			
33.5			
33.5			
33.5			
33.5			
33.5			
33.6			
33.6			
33.6			
33.6			
33.6			
33.6			
33.6			
33.6			
33.6			
33.6			
33.6			
33.6			
33.6			
33.6			
33.6			
33.6			
33.6			
33.6			
33.6			
33.6			
33.6			
33.6			
33.6			
33.6			
33.6			
33.6			
33.6			
33.6			
33.6			
33.6			
33.6			
33.6			
33.6			
33.6			
33.6			
33.6			
33.6			
33.6			
33.6			
33.6			
33.6			
33.6			
33.6			
33.6			
33.6			
33.6			
33.6			
33.6			
33.6			
33.6			
33.6			
33.6			
33.6			
33.6			
33.6			
33.6			
33.6			
33.6			
33.6			
33.6			
33.6			
33.6			
33.6			
33.6			
33.6			
33.6			
33.6			
33.6			
33.6			
33.6			
33.6			
33.6			
33.6			
33.6			
33.6			
33.6			
33.6			
33.6			
33.6			
33.6			
33.6			
33.6			
33.6			
33.6			
33.6			
33.6			
33.6			
33.6			
33.6			
33.6			
33.6			
33.6			
33.6			
33.6			
33.6			
33.6			
33.6			
33.6			
33.6			
33.6			
33.6			
33.6			
33.6			
33.6			
33.6			
33.6			
33.6			
33.6			
33.6			
33.6			
33.6			
33.6			
33.6			
33.6			
33.6			
33.6			
33.6			
33.6			
33.6			
33.6			
33.6			
33.6			
33.6			
33.6			
33.6			
33.6			
33.6			
33.6			
33.6			
33.6			
33.6			
33.6			
33.6			
33.6			
33.6			
33.6			
33.6			
33.6			
33.6			
33.6			
33.6			
33.6			
33.6			
33.6			
33.6			
33.6			
33.6			
33.6			
33.6			
33.6			
33.6			
33.6			
33.6			
33.6			
33.6			
33.6			
33.6			
33.6			
33.6			
33.6			
33.6			
33.6			
33.6			
33.6			
33.6			
33.6			
33.6			
33.6			
33.6			
33.6			
33.6			
33.6			
33.6			
33.6			
33.6			
33.6			
33.6			
33.6			
33.6			
33.6			
33.6			
33.6			
33.6			
33.6			
33.6			
33.6			
33.6			
33.6			
33.6			
33.6			
33.6			
33.6			
33.6			
33.6			
33.6			
33.7			
33.7			
33.7			
33.7			
33.7			
33.7			
33.7			
33.7			
33.7			
33.7			
33.7			
33.7			
33.7			
33.7			
33.7			
33.7			
33.7			
33.7			
33.7			
33.7			
33.7			
33.7			
33.7			
33.7			
33.7			
33.7			
33.7			
33.7			
33.7			
33.7			
33.7			
33.7			
33.7			
33.7			
33.7			
33.7			
33.7			
33.7			
33.7			
33.7			
33.7			
33.7			
33.7			
33.7			
33.7			
33.7			
33.7			
33.7			
33.7			
33.7			
33.7			
33.7			
33.7			
33.7			
33.7			
33.7			
33.7			
33.7			
33.7			
33.7			
33.7			
33.7			
33.7			
33.7			
33.7			
33.7			
33.7			
33.7			
33.7			
33.7			
33.7			
33.7			
33.7			
33.7			
33.7			
33.7			
33.7			
33.7			
33.7			
33.7			
33.7			
33.7			
33.7			
33.7			
33.7			
33.7			
33.7			
33.7			
33.7			
33.7			
33.7			
33.7			
33.7			
33.7			
33.7			
33.7			
33.7			
33.7			
33.7			
33.7			
33.7			
33.7			
33.7			
33.7			
33.7			
33.7			
33.7			
33.7			
33.7			
33.7			
33.8			
33.8			
33.8			
33.8			
33.8			
33.8			
33.8			
33.8			
33.8			
33.8			
33.8			
33.8			
33.8			
33.8			
33.8			
33.8			
33.8			
33.8			
33.8			
33.8			
33.8			
33.8			
33.8			
33.8			
33.8			
33.8			
33.8			
33.8			
33.8			
33.8			
33.8			
33.8			
33.8			
33.8			
33.8			
33.8			
33.8			
33.8			
33.8			
33.8			
33.8			
33.8			
33.8			
33.8			
33.8			
33.8			
33.8			
33.8			
33.8			
33.8			
33.8			
33.8			
33.8			
33.8			
33.8			
33.8			
33.8			
33.8			
33.8			
33.8			
33.8			
33.8			
33.8			
33.8			
33.8			
33.8			
33.8			
33.8			
33.8			
33.8			
33.8			
33.8			
33.8			
33.8			
33.8			
33.8			
33.8			
33.8			
33.8			
33.8			
33.8			
33.8			
33.8			
33.8			
33.8			
33.8			
33.8			
33.8			
33.8			
33.8			
33.8			
33.8			
33.8			
33.8			
33.8			
33.8			
33.8			
33.8			
33.8			
33.8			
33.8			
33.8			
33.8			
33.8			
33.8			
33.8			
33.8			
33.8			
33.8			
33.8			
33.8			
33.8			
33.8			
33.8			
33.8			
33.8			
33.8			
33.8			
33.8			
33.8			
33.8			
33.8			
33.8			
33.8			
33.8			
33.8			
33.8			
33.8			
33.8			
33.8			
33.8			
33.8			
33.8			
33.8			
33.8			
33.8			
33.8			
33.8			
33.8			
33.8			
33.8			
33.8			
33.8			
33.8			
33.8			
33.8			
33.8			
33.8			
33.8			
33.8			
33.8			
33.8			
33.8			
33.8			
33.8			
33.8			
33.8			
33.8			
33.8			
33.8			
33.8			
33.8			
33.8			
33.8			
33.8			
33.8			
33.8			
33.8			
33.8			
33.8			
33.8			
33.8			
33.8			
33.8			
33.8			
33.8			
33.8			
33.8			
33.8			
33.8			
33.8			
33.8			
33.8			
33.8			
33.8			
33.8			
33.8			
33.8			
33.8			
33.8			
33.8			
33.8			
33.8			
33.8			
33.8			
33.8			
33.8			
33.8			
33.8			
33.8			
33.8			
33.8			
33.8			
33.8			
33.8			
33.8			
33.8			
33.9			
33.9			
33.9			
33.9			
33.9			
33.9			
33.9			
33.9			
33.9			
33.9			
33.9			
33.9			
33.9			
33.9			
33.9			
33.9			
33.9			
33.9			
33.9			
33.9			
33.9			
33.9			
33.9			
33.9			
33.9			
34.1			
34.1			
34.1			
34.1			
34.1			
34.1			
34.1			
34.1			
34.1			
34.1			
34.1			
34.1			
34.1			
34.1			
34.1			
34.1			
34.1			
34.1			
34.1			
34.1			
34.1			
34.1			
34.1			
34.1			
34.1			
34.1			
34.1			
34.1			
34.1			
34.1			
34.1			
34.1			
34.1			
34.1			
34.1			
34.1			
34.1			
34.1			
34.1			
34.1			
34.1			
34.1			
34.1			
34.1			
34.1			
34.1			
34.1			
34.1			
34.1			
34.1			
34.1			
34.1			
34.1			
34.1			
34.1			
34.1			
34.1			
34.1			
34.1			
34.1			
34.1			
34.1			
34.1			
34.1			
34.1			
34.1			
34.1			
34.1			
34.1			
34.1			
34.1			
34.1			
34.1			
34.1			
34.1			
34.1			
34.1			
34.1			
34.1			
34.1			
34.1			
34.1			
34.1			
34.1			
34.1			
34.1			
34.1			
34.1			
34.1			
34.1			
34.1			
34.1			
34.1			
34.1			
34.1			
34.1			
34.1			
34.1			
34.1			
34.1			
34.1			
34.1			
34.1			
34.1			
34.1			
34.1			
34.1			
34.1			
34.1			
34.1			
34.1			
34.1			
34.1			
34.1			
34.1			
34.1			
34.1			
34.1			
34.1			
34.1			
34.1			
34.1			
34.1			
34.1			
34.1			
34.1			
34.1			
34.1			
34.1			
34.1			
34.1			
34.1			
34.1			
34.1			
34.1			
34.1			
34.1			
34.1			
34.1			
34.1			
34.1			
34.1			
34.1			
34.1			
34.1			
34.1			
34.1			
34.1			
34.1			
34.1			
34.1			
34.1			
34.1			
34.1			
34.1			
34.1			
34.1			
34.1			
34.1			
34.1			
34.1			
34.1			
34.1			
34.1			
34.1			
34.1			
34.1			
34.1			
34.1			
34.1			
34.1			
34.1			
34.1			
34.1			
34.1			
34.1			
34.1			
34.1			
34.1			
34.1			
34.1			
34.1			
34.1			
34.1			
34.1			
34.1			
34.1			
34.1			
34.1			
34.1			
34.1			
34.1			
34.1			
34.1			
34.1			
34.1			
34.1			
34.1			
34.1			
34.1			
34.1			
34.1			
34.1			
34.1			
34.1			
34.1			
34.1			
34.1			
34.1			
34.2			
34.2			
34.2			
34.2			
34.2			
34.2			
34.2			
34.2			
34.2			
34.2			
34.2			
34.2			
34.2			
34.2			
34.2			
34.2			
34.2			
34.2			
34.2			
34.2			
34.2			
34.2			
34.2			
34.2			
34.2			
34.2			
34.2			
34.2			
34.2			
34.2			
34.2			
34.2			
34.2			
34.2			
34.2			
34.2			
34.2			
34.2			
34.2			
34.2			
34.2			
34.2			
34.2			
34.2			
34.2			
34.2			
34.2			
34.2			
34.2			
34.2			
34.2			
34.2			
34.2			
34.2			
34.2			
34.2			
34.2			
34.2			
34.2			
34.2			
34.2			
34.2			
34.2			
34.2			
34.2			
34.2			
34.2			
34.2			
34.2			
34.2			
34.2			
34.2			
34.2			
34.2			
34.2			
34.2			
34.2			
34.2			
34.2			
34.2			
34.2			
34.2			
34.2			
34.2			
34.2			
34.2			
34.2			
34.2			
34.2			
34.2			
34.2			
34.2			
34.2			
34.2			
34.2			
34.2			
34.2			
34.2			
34.2			
34.2			
34.2			
34.2			
34.2			
34.2			
34.2			
34.2			
34.2			
34.2			
34.2			
34.2			
34.2			
34.2			
34.3			
34.3			
34.3			
34.3			
34.3			
34.3			
34.3			
34.3			
34.3			
34.3			
34.3			
34.3			
34.3			
34.3			
34.3			
34.3			
34.3			
34.3			
34.3			
34.3			
34.3			
34.3			
34.3			
34.3			
34.3			
34.3			
34.3			
34.3			
34.3			
34.3			
34.3			
34.3			
34.3			
34.3			
34.3			
34.3			
34.3			
34.3			
34.3			
34.3			
34.3			
34.3			
34.3			
34.3			
34.3			
34.3			
34.3			
34.3			
34.3			
34.3			
34.3			
34.3			
34.3			
34.3			
34.3			
34.3			
34.3			
34.3			
34.3			
34.3			
34.3			
34.3			
34.3			
34.3			
34.3			
34.3			
34.3			
34.3			
34.3			
34.3			
34.3			
34.3			
34.3			
34.3			
34.3			
34.3			
34.3			
34.3			
34.3			
34.3			
34.3			
34.3			
34.3			
34.3			
34.3			
34.3			
34.3			
34.3			
34.3			
34.3			
34.3			
34.3			
34.3			
34.3			
34.3			
34.3			
34.3			
34.3			
34.3			
34.3			
34.3			
34.3			
34.3			
34.3			
34.3			
34.3			
34.3			
34.3			
34.3			
34.3			
34.3			
34.3			
34.3			
34.3			
34.3			
34.3			
34.3			
34.3			
34.3			
34.3			
34.3			
34.3			
34.3			
34.3			
34.3			
34.3			
34.3			
34.3			
34.3			
34.3			
34.3			
34.3			
34.3			
34.3			
34.3			
34.3			
34.3			
34.3			
34.3			
34.3			
34.3			
34.3			
34.3			
34.3			
34.3			
34.3			
34.3			
34.3			
34.3			
34.3			
34.3			
34.3			
34.3			
34.3			
34.3			
34.3			
34.3			
34.3			
34.3			
34.3			
34.3			
34.3			
34.3			
34.3			
34.3			
34.3			
34.3			
34.3			
34.3			
34.3			
34.3			
34.3			
34.3			
34.3			
34.3			
34.3			
34.3			
34.3			
34.3			
34.3			
34.3			
34.3			
34.3			
34.3			
34.3			
34.3			
34.3			
34.3			
34.3			
34.3			
34.3			
34.3			
34.3			
34.3			
34.3			
34.3			
34.3			
34.3			
34.3			
34.3			
34.3			
34.4			
34.4			
34.4			
34.4			
34.4			
34.4			
34.4			
34.4			
34.4			
34.4			
34.4			
34.4			
34.4			
34.4			
34.4			
34.4			
34.4			
34.4			
34.4			
34.4			
34.4			
34.4			
34.4			
34.4			
34.4			
34.4			
34.4			
34.4			
34.4			
34.4			
34.4			
34.4			
34.4			
34.4			
34.4			
34.4			
34.4			
34.4			
34.4			
34.4			
34.4			
34.4			
34.4			
34.4			
34.4			
34.4			
34.4			
34.4			
34.4			
34.4			
34.4			
34.4			
34.4			
34.4			
34.4			
34.4			
34.4			
34.4			
34.4			
34.4			
34.4			
34.4			
34.4			
34.4			
34.4			
34.4			
34.4			
34.4			
34.4			
34.4			
34.4			
34.4			
34.4			
34.4			
34.4			
34.4			
34.4			
34.4			
34.4			
34.4			
34.4			
34.4			
34.4			
34.4			
34.4			
34.4			
34.4			
34.4			
34.4			
34.4			
34.4			
34.4			
34.4			
34.4			
34.4			
34.4			
34.4			
34.4			
34.4			
34.4			
34.4			
34.4			
34.4			
34.4			
34.4			
34.4			
34.4			
34.4			
34.4			
34.4			
34.4			
34.4			
34.4			
34.4			
34.5			
34.5			
34.5			
34.5			
34.5			
34.5			
34.5			
34.5			
34.5			
34.5			
34.5			
34.5			
34.5			
34.5			
34.5			
34.5			
34.5			
34.5			
34.5			
34.5			
34.5			
34.5			
34.5			
34.5			
34.5			
34.5			
34.5			
34.5			
34.5			
34.5			
34.5			
34.5			
34.5			
34.5			
34.5			
34.5			
34.5			
34.5			
34.5			
34.5			
34.5			
34.5			
34.5			
34.5			
34.5			
34.5			
34.5			
34.5			
34.5			
34.5			
34.5			
34.5			
34.5			
34.5			
34.5			
34.5			
34.5			
34.5			
34.5			
34.5			
34.5			
34.5			
34.5			
34.5			
34.5			
34.5			
34.5			
34.5			
34.5			
34.5			
34.5			
34.5			
34.5			
34.5			
34.5			
34.5			
34.5			
34.5			
34.5			
34.5			
34.5			
34.5			
34.5			
34.5			
34.5			
34.5			
34.5			
34.5			
34.5			
34.5			
34.5			
34.5			
34.5			
34.5			
34.5			
34.5			
34.5			
34.5			
34.5			
34.5			
34.5			
34.5			
34.5			
34.5			
34.5			
34.5			
34.5			
34.5			
34.5			
34.5			
34.5			
34.5			
34.5			
34.5			
34.5			
34.5			
34.5			
34.5			
34.5			
34.5			
34.5			
34.5			
34.5			
34.5			
34.5			
34.5			
34.5			
34.5			
34.5			
34.5			
34.5			
34.5			
34.5			
34.5			
34.5			
34.5			
34.5			
34.5			
34.5			
34.5			
34.5			
34.5			
34.5			
34.5			
34.5			
34.5			
34.5			
34.5			
34.5			
34.5			
34.5			
34.5			
34.5			
34.5			
34.5			
34.5			
34.5			
34.5			
34.5			
34.5			
34.5			
34.5			
34.5			
34.5			
34.5			
34.5			
34.5			
34.5			
34.5			
34.5			
34.5			
34.5			
34.5			
34.5			
34.5			
34.5			
34.5			
34.5			
34.5			
34.5			
34.5			
34.5			
34.5			
34.5			
34.5			
34.5			
34.6			
34.6			
34.6			
34.6			
34.6			
34.6			
34.6			
34.6			
34.6			
34.6			
34.6			
34.6			
34.6			
34.6			
34.6			
34.6			
34.6			
34.6			
34.6			
34.6			
34.6			
34.6			
34.6			
34.6			
34.6			
34.6			
34.6			
34.6			
34.6			
34.6			
34.6			
34.6			
34.6			
34.6			
34.6			
34.6			
34.6			
34.6			
34.6			
34.6			
34.6			
34.6			
34.6			
34.6			
34.6			
34.6			
34.6			
34.6			
34.6			
34.6			
34.6			
34.6			
34.6			
34.6			
34.6			
34.6			
34.6			
34.6			
34.6			
34.6			
34.6			
34.6			
34.6			
34.6			
34.6			
34.6			
34.6			
34.6			
34.6			
34.6			
34.6			
34.6			
34.6			
34.6			
34.6			
34.6			
34.6			
34.6			
34.6			
34.6			
34.6			
34.6			
34.6			
34.6			
34.6			
34.6			
34.6			
34.6			
34.6			
34.6			
34.6			
34.6			
34.6			
34.6			
34.6			
34.6			
34.6			
34.6			
34.6			
34.6			
34.6			
34.6			
34.6			
34.6			
34.6			
34.6			
34.6			
34.6			
34.6			
34.6			
34.6			
34.6			
34.6			
34.6			
34.6			
34.6			
34.6			
34.6			
34.6			
34.6			
34.6			
34.6			
34.6			
34.6			
34.7			
34.7			
34.7			
34.7			
34.7			
34.7			
34.7			
34.7			
34.7			
34.7			
34.7			
34.7			
34.7			
34.7			
34.7			
34.7			
34.7			
34.7			
34.7			
34.7			
34.7			
34.7			
34.7			
34.7			
34.7			
34.7			
34.7			
34.7			
34.7			
34.7			
34.7			
34.7			
34.7			
34.7			
34.7			
34.7			
34.7			
34.7			
34.7			
34.7			
34.7			
34.7			
34.7			
34.7			
34.7			
34.7			
34.7			
34.7			
34.7			
34.7			
34.7			
34.7			
34.7			
34.7			
34.7			
34.7			
34.7			
34.7			
34.7			
34.7			
34.7			
34.7			
34.7			
34.7			
34.7			
34.7			
34.7			
34.7			
34.7			
34.7			
34.7			
34.7			
34.7			
34.7			
34.7			
34.7			
34.7			
34.7			
34.7			
34.7			
34.7			
34.7			
34.7			
34.7			
34.7			
34.7			
34.7			
34.7			
34.7			
34.7			
34.7			
34.7			
34.7			
34.7			
34.7			
34.7			
34.7			
34.7			
34.7			
34.7			
34.7			
34.7			
34.7			
34.7			
34.7			
34.7			
34.7			
34.7			
34.7			
34.7			
34.7			
34.7			
34.7			
34.7			
34.7			
34.7			
34.7			
34.7			
34.7			
34.7			
34.7			
34.7			
34.7			
34.7			
34.7			
34.7			
34.7			
34.7			
34.7			
34.7			
34.7			
34.7			
34.7			
34.7			
34.7			
34.7			
34.7			
34.7			
34.7			
34.7			
34.7			
34.7			
34.7			
34.7			
34.7			
34.7			
34.7			
34.7			
34.7			
34.7			
34.7			
34.7			
34.7			
34.7			
34.7			
34.7			
34.7			
34.7			
34.7			
34.7			
34.7			
34.7			
34.7			
34.7			
34.7			
34.7			
34.7			
34.7			
34.7			
34.7			
34.7			
34.7			
34.7			
34.7			
34.7			
34.7			
34.7			
34.7			
34.7			
34.7			
34.7			
34.7			
34.7			
34.7			
34.7			
34.7			
34.7			
34.8			
34.8			
34.8			
34.8			
34.8			
34.8			
34.8			
34.8			
34.8			
34.8			
34.8			
34.8			
34.8			
34.8			
34.8			
34.8			
34.8			
34.8			
34.8			
34.8			
34.8			
34.8			
34.8			
34.8			
34.8			
34.8			
34.8			
34.8			
34.8			
34.8			
34.8			
34.8			
34.8			
34.8			
34.8			
34.8			
34.8			
34.8			
34.8			
34.8			
34.8			
34.8			
34.8			
34.8			
34.8			
34.8			
34.8			
34.8			
34.8			
34.8			
34.8			
34.8			
34.8			
34.8			
34.8			
34.8			
34.8			
34.8			
34.8			
34.8			
34.8			
34.8			
34.8			
34.8			
34.8			
34.8			
34.8			
34.8			
34.8			
34.8			
34.8			
34.8			
34.8			
34.8			
34.8			
34.8			
34.8			
34.8			
34.8			
34.8			
34.8			
34.8			
34.8			
34.8			
34.8			
34.8			
34.8			
34.8			
34.8			
34.8			
34.8			
34.8			
34.8			
34.8			
34.8			
34.8			
34.8			
34.8			
34.8			
34.8			
34.8			
34.9			
34.9			
34.9			
34.9			
34.9			
34.9			
34.9			
34.9			
34.9			
34.9			
34.9			
34.9			
34.9			
34.9			
34.9			
34.9			
34.9			
34.9			
34.9			
34.9			
34.9			
34.9			
34.9			
34.9			
34.9			
34.9			
34.9			
34.9			
34.9			
34.9			
34.9			
34.9			
34.9			
34.9			
34.9			
34.9			
34.9			
34.9			
34.9			
34.9			
34.9			
34.9			
34.9			
34.9			
34.9			
34.9			
34.9			
34.9			
34.9			
34.9			
34.9			
34.9			
34.9			
34.9			
34.9			
34.9			
34.9			
34.9			
34.9			
34.9			
34.9			
34.9			
34.9			
34.9			
34.9			
34.9			
34.9			
34.9			
34.9			
34.9			
34.9			
34.9			
34.9			
34.9			
34.9			
34.9			
34.9			
34.9			
34.9			
34.9			
34.9			
34.9			
34.9			
34.9			
34.9			
34.9			
34.9			
34.9			
34.9			
34.9			
34.9			
34.9			
34.9			
34.9			
34.9			
34.9			
34.9			
34.9			
34.9			
34.9			
34.9			
34.9			
34.9			
34.9			
34.9			
34.9			
34.9			
34.9			
34.9			
34.9			
34.9			
34.9			
34.9			
34.9			
34.9			
34.9			
34.9			
34.9			
34.9			
34.9			
34.9			
34.9			
34.9			
34.9			
34.9			
34.9			
34.9			
34.9			
34.9			
34.9			
34.9			
34.9			
34.9			
34.9			
34.9			
34.9			
34.9			
34.9			
34.9			
34.9			
34.9			
34.9			
34.9			
34.9			
34.9			
34.9			
34.9			
34.9			
34.9			
34.9			
34.9			
34.9			
34.9			
34.9			
34.9			
34.9			
34.9			
34.9			
34.9			
34.9			
34.9			
34.9			
34.9			
34.9			
34.9			
34.9			
34.9			
34.9			
34.9			
34.9			
34.9			
34.9			
34.9			
34.9			
34.9			
34.9			
34.9			
34.9			
35.1			
35.1			
35.1			
35.1			
35.1			
35.1			
35.1			
35.1			
35.1			
35.1			
35.1			
35.1			
35.1			
35.1			
35.1			
35.1			
35.1			
35.1			
35.1			
35.1			
35.1			
35.1			
35.1			
35.1			
35.1			
35.1			
35.1			
35.1			
35.1			
35.1			
35.1			
35.1			
35.1			
35.1			
35.1			
35.1			
35.1			
35.1			
35.1			
35.1			
35.1			
35.1			
35.1			
35.1			
35.1			
35.1			
35.1			
35.1			
35.1			
35.1			
35.1			
35.1			
35.1			
35.1			
35.1			
35.1			
35.1			
35.1			
35.1			
35.1			
35.1			
35.1			
35.1			
35.1			
35.1			
35.1			
35.1			
35.1			
35.1			
35.1			
35.1			
35.1			
35.1			
35.1			
35.1			
35.1			
35.1			
35.1			
35.1			
35.1			
35.1			
35.1			
35.1			
35.1			
35.1			
35.1			
35.1			
35.1			
35.1			
35.1			
35.1			
35.1			
35.1			
35.1			
35.1			
35.1			
35.1			
35.1			
35.1			
35.1			
35.1			
35.1			
35.1			
35.1			
35.1			
35.1			
35.1			
35.1			
35.1			
35.1			
35.1			
35.1			
35.1			
35.1			
35.1			
35.1			
35.1			
35.1			
35.1			
35.1			
35.1			
35.1			
35.1			
35.1			
35.1			
35.1			
35.1			
35.1			
35.1			
35.1			
35.1			
35.1			
35.1			
35.1			
35.1			
35.1			
35.1			
35.1			
35.1			
35.1			
35.1			
35.1			
35.1			
35.1			
35.1			
35.1			
35.1			
35.1			
35.1			
35.1			
35.1			
35.1			
35.1			
35.1			
35.1			
35.1			
35.1			
35.1			
35.1			
35.1			
35.1			
35.1			
35.1			
35.1			
35.1			
35.1			
35.1			
35.1			
35.1			
35.1			
35.1			
35.1			
35.1			
35.1			
35.1			
35.1			
35.1			
35.1			
35.2			
35.2			
35.2			
35.2			
35.2			
35.2			
35.2			
35.2			
35.2			
35.2			
35.2			
35.2			
35.2			
35.2			
35.2			
35.2			
35.2			
35.2			
35.2			
35.2			
35.2			
35.2			
35.2			
35.2			
35.2			
35.2			
35.2			
35.2			
35.2			
35.2			
35.2			
35.2			
35.2			
35.2			
35.2			
35.2			
35.2			
35.2			
35.2			
35.2			
35.2			
35.2			
35.2			
35.2			
35.2			
35.2			
35.2			
35.2			
35.2			
35.2			
35.2			
35.2			
35.2			
35.2			
35.2			
35.2			
35.2			
35.2			
35.2			
35.2			
35.2			
35.2			
35.2			
35.2			
35.2			
35.2			
35.2			
35.2			
35.2			
35.2			
35.2			
35.2			
35.2			
35.2			
35.2			
35.2			
35.2			
35.2			
35.3			
35.3			
35.3			
35.3			
35.3			
35.3			
35.3			
35.3			
35.3			
35.3			
35.3			
35.3			
35.3			
35.3			
35.3			
35.3			
35.3			
35.3			
35.3			
35.3			
35.3			
35.3			
35.3			
35.3			
35.3			
35.3			
35.3			
35.3			
35.3			
35.3			
35.3			
35.3			
35.3			
35.3			
35.3			
35.3			
35.3			
35.3			
35.3			
35.3			
35.3			
35.3			
35.3			
35.3			
35.3			
35.3			
35.3			
35.3			
35.3			
35.3			
35.3			
35.3			
35.3			
35.3			
35.3			
35.3			
35.3			
35.3			
35.3			
35.3			
35.3			
35.3			
35.3			
35.3			
35.3			
35.3			
35.3			
35.3			
35.3			
35.3			
35.3			
35.3			
35.3			
35.3			
35.3			
35.3			
35.3			
35.3			
35.3			
35.3			
35.3			
35.3			
35.3			
35.3			
35.3			
35.3			
35.3			
35.3			
35.3			
35.3			
35.3			
35.3			
35.3			
35.3			
35.3			
35.3			
35.3			
35.3			
35.3			
35.3			
35.3			
35.3			
35.3			
35.3			
35.3			
35.3			
35.3			
35.3			
35.3			
35.3			
35.3			
35.3			
35.3			
35.3			
35.3			
35.3			
35.3			
35.3			
35.3			
35.3			
35.3			
35.3			
35.3			
35.3			
35.3			
35.3			
35.3			
35.3			
35.3			
35.3			
35.3			
35.3			
35.3			
35.3			
35.4			
35.4			
35.4			
35.4			
35.4			
35.4			
35.4			
35.4			
35.4			
35.4			
35.4			
35.4			
35.4			
35.4			
35.4			
35.4			
35.4			
35.4			
35.4			
35.4			
35.4			
35.4			
35.4			
35.4			
35.4			
35.4			
35.4			
35.4			
35.4			
35.4			
35.4			
35.4			
35.4			
35.4			
35.4			
35.4			
35.4			
35.4			
35.4			
35.4			
35.4			
35.4			
35.4			
35.4			
35.4			
35.4			
35.4			
35.4			
35.4			
35.5			
35.5			
35.5			
35.5			
35.5			
35.5			
35.5			
35.5			
35.5			
35.5			
35.5			
35.5			
35.5			
35.5			
35.5			
35.5			
35.5			
35.5			
35.5			
35.5			
35.5			
35.5			
35.5			
35.5			
35.5			
35.5			
35.5			
35.5			
35.5			
35.5			
35.5			
35.5			
35.5			
35.5			
35.5			
35.5			
35.5			
35.5			
35.5			
35.5			
35.5			
35.5			
35.5			
35.5			
35.5			
35.5			
35.5			
35.5			
35.5			
35.5			
35.5			
35.5			
35.5			
35.5			
35.5			
35.5			
35.5			
35.5			
35.5			
35.5			
35.5			
35.5			
35.5			
35.5			
35.5			
35.5			
35.5			
35.5			
35.5			
35.5			
35.5			
35.5			
35.5			
35.5			
35.5			
35.5			
35.5			
35.5			
35.5			
35.5			
35.5			
35.5			
35.5			
35.5			
35.5			
35.5			
35.5			
35.5			
35.5			
35.5			
35.5			
35.5			
35.5			
35.5			
35.5			
35.5			
35.5			
35.5			
35.5			
35.5			
35.5			
35.5			
35.5			
35.5			
35.5			
35.5			
35.5			
35.5			
35.5			
35.5			
35.5			
35.5			
35.5			
35.5			
35.5			
35.5			
35.5			
35.5			
35.5			
35.5			
35.5			
35.5			
35.5			
35.5			
35.5			
35.5			
35.5			
35.5			
35.5			
35.5			
35.6			
35.6			
35.6			
35.6			
35.6			
35.6			
35.6			
35.6			
35.6			
35.6			
35.6			
35.6			
35.6			
35.6			
35.6			
35.6			
35.6			
35.6			
35.6			
35.6			
35.6			
35.6			
35.6			
35.6			
35.6			
35.6			
35.6			
35.6			
35.6			
35.6			
35.6			
35.6			
35.6			
35.6			
35.6			
35.6			
35.6			
35.6			
35.6			
35.6			
35.6			
35.6			
35.6			
35.6			
35.6			
35.6			
35.6			
35.6			
35.6			
35.6			
35.6			
35.6			
35.6			
35.6			
35.6			
35.6			
35.6			
35.6			
35.6			
35.6			
35.6			
35.6			
35.6			
35.6			
35.6			
35.6			
35.6			
35.6			
35.7			
35.7			
35.7			
35.7			
35.7			
35.7			
35.7			
35.7			
35.7			
35.7			
35.7			
35.7			
35.7			
35.7			
35.7			
35.7			
35.7			
35.7			
35.7			
35.7			
35.7			
35.7			
35.7			
35.7			
35.7			
35.7			
35.7			
35.7			
35.7			
35.7			
35.7			
35.7			
35.7			
35.7			
35.7			
35.7			
35.7			
35.7			
35.7			
35.7			
35.7			
35.7			
35.7			
35.7			
35.7			
35.7			
35.7			
35.7			
35.7			
35.7			
35.7			
35.7			
35.7			
35.7			
35.7			
35.7			
35.7			
35.7			
35.7			
35.7			
35.7			
35.7			
35.7			
35.7			
35.7			
35.7			
35.7			
35.7			
35.7			
35.7			
35.7			
35.7			
35.7			
35.7			
35.7			
35.7			
35.8			
35.8			
35.8			
35.8			
35.8			
35.8			
35.8			
35.8			
35.8			
35.8			
35.8			
35.8			
35.8			
35.8			
35.8			
35.8			
35.8			
35.8			
35.8			
35.8			
35.8			
35.8			
35.8			
35.8			
35.8			
35.8			
35.8			
35.8			
35.8			
35.8			
35.8			
35.8			
35.8			
35.8			
35.8			
35.8			
35.8			
35.8			
35.9			
35.9			
35.9			
35.9			
35.9			
35.9			
35.9			
35.9			
35.9			
35.9			
35.9			
35.9			
35.9			
35.9			
35.9			
35.9			
35.9			
35.9			
35.9			
35.9			
35.9			
35.9			
35.9			
35.9			
35.9			
35.9			
35.9			
35.9			
35.9			
35.9			
35.9			
35.9			
35.9			
35.9			
35.9			
35.9			
35.9			
35.9			
35.9			
35.9			
35.9			
35.9			
35.9			
35.9			
35.9			
35.9			
35.9			
35.9			
35.9			
35.9			
35.9			
35.9			
35.9			
36.1			
36.1			
36.1			
36.1			
36.1			
36.1			
36.1			
36.1			
36.1			
36.1			
36.1			
36.1			
36.1			
36.1			
36.1			
36.1			
36.1			
36.1			
36.1			
36.1			
36.1			
36.1			
36.1			
36.1			
36.1			
36.1			
36.1			
36.1			
36.1			
36.1			
36.1			
36.1			
36.1			
36.1			
36.1			
36.1			
36.1			
36.1			
36.1			
36.1			
36.1			
36.1			
36.1			
36.1			
36.1			
36.1			
36.1			
36.1			
36.1			
36.1			
36.1			
36.1			
36.1			
36.1			
36.1			
36.1			
36.1			
36.1			
36.2			
36.2			
36.2			
36.2			
36.2			
36.2			
36.2			
36.2			
36.2			
36.2			
36.2			
36.2			
36.2			
36.2			
36.2			
36.2			
36.2			
36.2			
36.2			
36.3			
36.3			
36.3			
36.3			
36.3			
36.3			
36.3			
36.3			
36.3			
36.3			
36.3			
36.3			
36.3			
36.3			
36.3			
36.3			
36.3			
36.3			
36.3			
36.3			
36.3			
36.3			
36.3			
36.3			
36.3			
36.3			
36.3			
36.3			
36.3			
36.3			
36.3			
36.4			
36.4			
36.4			
36.4			
36.4			
36.4			
36.4			
36.4			
36.4			
36.4			
36.4			
36.5			
36.5			
36.5			
36.5			
36.5			
36.5			
36.5			
36.5			
36.5			
36.5			
36.5			
36.5			
36.5			
36.5			
36.5			
36.5			
36.5			
36.5			
36.5			
36.5			
36.5			
36.5			
36.6			
36.6			
36.6			
36.6			
36.6			
36.6			
36.6			
36.6			
36.6			
36.6			
36.6			
36.6			
36.7			
36.7			
36.7			
36.7			
36.7			
36.7			
36.7			
36.7			
36.7			
36.7			
36.7			
36.7			
36.7			
36.7			
36.7			
36.7			
36.7			
36.7			
36.7			
36.7			
36.7			
36.7			
36.8			
36.8			
36.8			
36.9			
36.9			
36.9			
36.9			
36.9			
36.9			
36.9			
36.9			
36.9			
37.1			
37.1			
37.1			
37.1			
37.3			
37.3			
37.3			
37.4			
37.5			
37.5			
37.7			
37.7			
37.8			
38.1			
